246  30304  1 3284.125 1.632 10
  2  30304  2 3108.825 1.681 13
  2  30304  2 3115.600 1.727 15
  2  30304  2 3127.925 1.697 17
  2  30304  2 3143.425 1.811 14
  2  30304  2 3169.500 1.843 12
  2  30304  2 3180.250 1.795 14
  2  30304  2 3191.350 1.760 18
246  30304  2 3205.525 1.664 16
  2  30304  2 3210.900 1.893 15
  2  30304  2 3227.625 1.896 25
  2  30304  2 3265.825 1.758 17
246  30304  2 3268.650 1.805 14
  2  30304  2 3275.950 1.865 13
  2  30304  2 3317.025 1.856 21
  2  30304  2 3332.800 1.797 24
  2  30304  2 3337.350 1.840 15
  2  30304  2 3348.725 2.007 30
  2  30304  2 3397.425 1.831 14
  2  30304  2 3439.325 1.697 16
246  30304  2 3559.675 1.685 15
  2  30304  3   14.650 1.638 13
  2  30304  3   60.075 1.674 11
  2  30304  3  114.225 1.719 15
  2  30304  3 1237.350 1.708 12
  2  30304  3 1272.150 1.768  8
  2  30304  3 1323.850 1.731 13
  2  30304  3 1492.050 1.593 12
  2  30304  3 1623.175 1.805 19
  2  30304  3 1630.800 1.966 11
  2  30304  3 1643.475 1.928 16
  2  30304  3 1658.325 1.796 19
  2  30304  3 1664.200 1.852 16
  2  30304  3 1687.550 1.810 18
  2  30304  3 1698.750 1.737 18
  2  30304  3 1720.975 1.781 19
  2  30304  3 1729.750 1.940 13
  2  30304  3 1734.550 1.859 17
  2  30304  3 1739.850 1.914 20
  2  30304  3 1744.600 1.876 18
246  30304  3 1828.600 1.842 10
  2  30304  3 3164.325 1.792 16
  2  30304  3 3183.050 1.814 14
  2  30304  3 3187.500 1.773 15
  2  30304  3 3194.400 1.799 10
  2  30304  3 3204.900 1.760 23
  2  30304  3 3225.325 1.857 25
  2  30304  4 1667.025 2.135 10
  2  30304  4 1688.250 2.060 14
  2  30304  7  616.025 1.691 13
246  30304  7  630.300 1.808 14
  2  30304  7  635.150 1.734 10
  2  30304  7  666.875 1.686 14
246  30304  7  696.800 1.698 12
  2  30304  7  719.025 1.677 12
  2  30304  7  775.075 1.725 13
  2  30304  7  785.925 1.690 17
  2  30304  7  791.275 1.702 15
  2  30304  7  795.700 1.717 13
  2  30304  7  801.575 1.712 15
  2  30304  7  811.150 1.718 15
  2  30304  7  826.275 1.792 15
  2  30304  7  838.025 1.662 17
  2  30304  7  854.750 1.665 17
  2  30304  7  862.825 1.705 13
  2  30304  7  876.900 1.590 19
  2  30304  7  891.925 1.634 16
246  30304  7  912.175 1.676 18
  2  30304  7  918.675 1.791 14
  2  30304  7  932.800 1.628 11
  2  30304  7  949.725 1.659 18
  2  30304  7  973.275 1.708 15
  2  30304 10  235.925 1.763 10
  2  30304 10  294.850 1.699 16
246  30304 10  357.700 1.737 11
246  30304 10  366.450 1.741 12
  2  30304 10  375.625 1.832 19
  2  30304 10  381.000 1.797 10
  2  30304 10  389.925 1.766 12
  2  30304 10  410.750 1.663 16
  2  30304 10  428.550 1.785 16
  2  30304 10  438.975 1.753 14
246  30304 10  462.700 1.770 12
  2  30304 10  492.475 1.771 17
  2  30304 10  500.325 1.845 26
  2  30304 10  510.850 1.883 14
  2  30304 10  519.450 1.728 14
  2  30304 10  545.325 1.732 24
  2  30304 10  551.125 1.757 12
  2  30304 10  561.800 1.821 21
  2  30304 10  571.875 1.833 19
  2  30304 10  582.000 1.896 16
  2  30304 10  597.325 1.879 21
246  30304 10  643.400 1.770 15
  2  30304 10  679.825 1.723 16
  2  30304 10  685.600 1.884 13
  2  30304 10  701.875 2.031 16
  2  30304 10 1335.900 1.594 14
246  30304 11 2718.975 1.792 16
  2  30304 12  817.975 1.937  9
246  30304 12  917.275 1.818  9
  2  30304 12 1676.225 2.045  7
  2  30304 12 1798.150 1.829 12
246  30304 12 1811.925 1.859 13
  2  30304 12 1887.650 1.884 18
  2  30304 12 1894.400 1.905 13
  2  30304 12 1901.775 1.810 20
  2  30304 12 1909.225 1.872 13
246  30304 12 1920.900 1.878 14
  2  30304 12 1925.500 1.855 17
  2  30304 12 1931.225 1.849 18
  2  30304 12 1943.650 1.831 24
  2  30304 12 1948.150 1.927 16
246  30304 12 1951.700 1.854 22
  2  30304 12 1965.875 1.921 25
  2  30304 12 1988.450 1.767 15
246  30304 12 1991.875 1.673 14
  2  30304 12 2001.900 1.763 21
  2  30304 12 2011.600 1.772 16
  2  30304 12 2019.375 1.783 15
  2  30304 12 2028.025 1.771 22
  2  30304 12 2037.750 1.890 21
  2  30304 12 2090.175 1.785 15
  2  30304 12 2170.325 1.764 19
  2  30304 12 2178.425 1.591 12
  2  30304 12 2291.625 1.815 12
  2  30304 12 3307.150 1.892 16
246  30304 12 3309.075 1.842  8
  2  30304 12 3325.900 1.764 16
  2  30304 12 3335.575 1.735 24
  2  30304 12 3346.475 1.793 25
  2  30304 12 3357.925 1.666 28
246  30304 12 3364.800 1.672 27
  2  30304 12 3366.750 1.716 23
  2  30304 12 3374.875 1.624 20
  2  30304 12 3383.350 1.570 14
  2  30304 12 3397.075 1.622 15
  2  30304 12 3413.600 1.804 19
  2  30304 12 3425.000 1.746 17
  2  30304 13 3259.050 1.673  7
246  30304 14 2113.275 1.957 15
  2  30304 14 2168.075 1.896 15
  2  30304 14 2273.525 1.860 24
  2  30304 14 2411.325 1.853 19
  2  30304 14 2425.975 1.992 18
  2  30304 14 2441.675 2.190 27
  2  30304 14 2463.100 1.851 16
  2  30304 14 2473.200 1.861 24
  2  30304 14 2529.350 1.813 24
  2  30304 14 2547.225 1.841 12
  2  30304 14 2606.925 1.882 16
  2  30304 14 2694.225 2.264 17
  2  30304 14 3412.775 1.980 10
  2  30304 14 3454.575 1.915 16
  2  30304 14 3463.275 1.930 23
  2  30304 14 3483.200 2.011 20
  2  30304 16  746.050 1.672 11
  2  30304 18 1724.100 1.830 11
  2  30304 19  171.225 1.739 13
  2  30304 19  282.200 1.804 15
  2  30304 19  300.275 1.825 16
  2  30304 19  320.725 1.695 12
  2  30304 19  360.850 1.689 15
  2  30304 19  370.275 1.733 14
  2  30304 19  379.275 1.657 11
  2  30304 19  412.125 1.854 15
  2  30304 19  422.575 1.714 22
  2  30304 19  436.725 1.500 13
  2  30304 19  448.075 1.821 22
  2  30304 19  460.000 1.672 16
  2  30304 19  467.775 1.556 14
  2  30304 19  486.300 1.555 16
  2  30304 19  507.175 1.589 17
  2  30304 19  513.925 1.602 14
  2  30304 19  521.475 1.560 13
  2  30304 19  538.425 1.674 14
  2  30304 19  555.300 1.703 24
  2  30304 19  571.550 1.678 17
246  30304 19  585.575 1.767 21
  2  30304 19  587.750 1.696 19
  2  30304 19  600.825 1.593 18
  2  30304 19  609.275 1.595 16
246  30304 19  642.400 1.549 22
  2  30304 19  648.750 1.742 23
  2  30304 19  662.150 1.588 15
  2  30304 19  672.300 1.530 15
  2  30304 19  685.925 1.621 22
  2  30304 19  811.100 1.631 13
  2  30304 19  816.425 1.731 12
  2  30304 19  825.450 1.702 19
  2  30304 19  832.625 1.677 16
246  30304 19  843.225 1.789 10
  2  30304 19  845.225 1.671 17
  2  30304 19  857.675 1.857 28
  2  30304 19  864.850 1.858 18
  2  30304 19  872.850 1.736 13
  2  30304 19  894.500 1.668 17
  2  30304 19  936.500 1.779 19
  2  30304 19  945.300 1.684  9
  2  30304 19  956.000 1.769 18
  2  30304 19  989.225 1.728 18
  2  30304 19 3154.275 1.665 12
  2  30304 19 3197.650 1.643 11
  2  30304 20 1132.575 1.780 13
  2  30304 23   66.250 1.903  9
  2  30304 23 1001.150 1.916 13
  2  30304 23 1329.950 1.919 13
  2  30304 23 1402.700 1.941 10
  2  30304 23 1414.150 1.733 13
  2  30304 23 1426.475 1.871 12
  2  30304 23 1449.850 1.739 15
  2  30304 23 1490.225 1.671 15
  2  30304 23 1514.275 1.826 15
  2  30304 23 1523.700 1.870 12
  2  30304 23 1539.125 1.868 14
  2  30304 23 1546.150 1.875 18
246  30304 23 1563.350 1.956 18
  2  30304 23 1566.550 1.865 13
  2  30304 23 1588.350 1.799 12
  2  30304 23 1629.800 1.882 17
246  30304 23 1635.675 1.972 18
  2  30304 23 1640.600 1.981 17
  2  30304 23 1797.425 1.725 16
  2  30304 23 1962.100 1.548 13
