  2  40716  2 1022.825 1.685  9
246  40716  2 1939.450 2.140 11
246  40716  2 2052.425 1.623 10
246  40716  3 2724.925 1.741  7
246  40716  3 2757.775 1.797  9
246  40716  3 2781.975 1.857 12
  2  40716  3 2829.550 1.837 12
  2  40716  3 2841.650 1.807 11
246  40716  3 2849.875 1.862 11
  2  40716  3 2879.325 1.886  8
  2  40716  3 2886.875 1.948 13
  2  40716  3 2893.925 1.758 12
  2  40716  3 2918.000 1.825 16
  2  40716  3 2933.750 1.751 13
  2  40716  3 2959.725 1.824 15
  2  40716  3 2967.150 1.899 11
  2  40716  3 3002.275 1.716 10
  2  40716  3 3141.225 1.845 11
  2  40716  3 3145.475 1.741 13
  2  40716  3 3162.500 1.744  7
  2  40716  3 3208.925 1.867 10
  2  40716  3 3424.100 1.755 19
  2  40716  3 3429.625 1.789 17
  2  40716  3 3441.850 1.877 22
  2  40716  3 3448.600 1.797 18
  2  40716  3 3460.100 1.716 18
  2  40716  3 3466.675 1.840 15
  2  40716  4    6.750 1.885  8
  2  40716  4   19.000 2.006 11
  2  40716  4   41.725 1.790 12
  2  40716  4  117.325 1.838  9
  2  40716  4  227.425 1.818 12
  2  40716  4  288.500 1.868  8
  2  40716  4  386.975 1.712 10
  2  40716  4  404.200 1.723 11
  2  40716  4  410.625 1.776 11
  2  40716  4  427.525 1.992 19
  2  40716  4  554.125 2.258 12
  2  40716  4  569.925 1.925 19
  2  40716  4  575.300 2.020 11
246  40716  4  580.450 1.876 18
  2  40716  4  581.975 1.963 12
  2  40716  4  589.225 1.790 18
  2  40716  4  599.000 2.014 14
  2  40716  4  622.750 1.919  6
  2  40716  4  733.075 1.508 10
  2  40716  4 1241.200 1.814 10
246  40716  5 1906.775 1.817 10
  2  40716  7 1720.425 1.883 10
  2  40716  7 2367.950 1.739 11
  2  40716  7 3045.825 1.605 11
  2  40716 14 2131.075 1.423 11
246  40716 23 2385.375 1.403  8
  2  40716 24  350.825 1.648 10
