246  50913  2  107.775 1.647 11
246  50913  2  120.450 1.657 11
  2  50913  2  122.375 1.655 12
  2  50913  2  131.200 1.662 11
246  50913  2  141.175 1.765  7
246  50913  2  173.150 1.563 12
  2  50913  2  181.300 1.875 18
  2  50913  2  204.875 1.741 20
  2  50913  2  210.250 1.646 10
  2  50913  2  236.325 1.981 11
  2  50913  2  251.175 1.785 15
  2  50913  2  255.700 1.807 13
  2  50913  2  263.975 1.806 15
  2  50913  2  273.775 1.827 15
  2  50913  2  296.800 1.932 19
  2  50913  2  314.225 1.761 18
  2  50913  2  318.925 1.776 20
  2  50913  2  349.325 1.827 11
  2  50913  2  356.925 1.924 10
  2  50913  2  366.075 1.867 17
  2  50913  2  378.375 1.759  9
  2  50913  2  388.300 1.746 15
  2  50913  2  415.975 1.763 12
  2  50913  2  424.750 1.742 20
  2  50913  2  440.575 1.774  9
  2  50913  2  458.125 1.830 15
  2  50913  2  486.750 2.081 12
  2  50913  2  495.075 1.815 12
  2  50913  2  500.700 2.021 13
  2  50913  2  508.850 2.195 20
  2  50913  2  518.400 1.979 11
246  50913  2  666.350 1.896 10
246  50913  3 2007.850 1.739  5
246  50913  5  305.575 1.588 13
  2  50913  5 2139.575 1.502  8
246  50913  5 2292.375 1.504 10
  2  50913  5 2369.900 1.552 14
  2  50913 21 3464.575 1.667 12
  2  50913 23  230.975 1.938 11
  2  50913 23  345.550 1.966  8
  2  50913 23 2026.900 1.798 11
  2  50913 23 2100.925 1.782 15
  2  50913 23 2176.525 1.773 15
  2  50913 23 2219.250 1.787  8
246  50913 23 2258.875 1.886 13
  2  50913 23 2262.925 1.717 14
  2  50913 23 2376.425 1.799 13
  2  50913 23 2515.700 1.999 10
  2  50913 23 2573.575 1.903 17
  2  50913 23 2589.500 1.875  9
  2  50913 23 2665.125 1.890 10
246  50913 23 2893.425 1.743 12
  2  50913 23 3216.000 2.036  9
  2  50913 23 3345.250 1.782 14
  2  50913 23 3368.475 1.822 19
  2  50913 23 3382.000 1.870 17
  2  50913 23 3394.100 1.857 14
  2  50913 24 1279.675 1.774 13
  2  50913 24 1285.825 1.715 14
  2  50913 24 1913.100 1.893 13
  2  50913 24 1953.150 1.924  9
  2  50913 24 1968.900 2.124 18
  2  50913 24 1981.475 2.072 17
  2  50913 24 1998.075 1.956 10
  2  50913 24 2004.825 2.146 12
  2  50913 24 2055.400 1.973 13
  2  50913 24 2074.525 1.828 11
  2  50913 24 2092.275 2.114 13
  2  50913 24 2303.100 1.964 10
  2  50913 24 2402.025 1.867 15
  2  50913 24 3469.900 1.786  9
