  2  40714  5 2724.900 1.558 14
  2  40714  6 1976.000 1.649 10
  2  40714  7   27.625 1.482  9
  2  40714  7 1293.300 1.586 14
  2  40714  7 1471.350 1.483 16
  2  40714  7 2945.225 1.585 13
  2  40714  8 1508.800 1.548 11
  2  40714  8 1558.800 1.403 11
  2  40714  8 2769.225 1.595 11
  2  40714  8 3461.125 1.494 12
  2  40714  9 1780.425 1.669 13
  2  40714 10  231.200 1.535 14
  2  40714 10  579.100 1.620 15
  2  40714 10 2879.150 1.502 13
  2  40714 10 3405.100 1.546 10
246  40714 11   73.100 1.210 10
  2  40714 11  456.800 1.490 12
  2  40714 11  583.725 1.431 15
  2  40714 11  603.725 1.455 16
  2  40714 11  889.675 1.621 13
  2  40714 11 1047.000 1.619 11
  2  40714 11 1058.050 1.479 12
246  40714 11 1322.150 1.512 16
  2  40714 11 1324.825 1.605 11
  2  40714 11 1334.500 1.530 17
246  40714 11 1416.025 1.596 10
  2  40714 11 1423.200 1.552 11
  2  40714 11 1655.425 1.396 15
  2  40714 11 1777.500 1.503 11
  2  40714 11 1788.375 1.568 16
  2  40714 11 1881.025 1.403 14
  2  40714 11 1923.250 1.423 13
  2  40714 11 1940.400 1.508 19
  2  40714 11 1988.725 1.470 16
  2  40714 11 2019.225 1.465 12
  2  40714 11 2107.000 1.494 13
  2  40714 11 2221.850 1.447 13
  2  40714 11 2241.225 1.379 15
  2  40714 11 2311.700 1.603 20
  2  40714 11 2327.750 1.531 10
  2  40714 11 2342.550 1.544 13
  2  40714 11 2347.425 1.586  7
246  40714 11 2427.925 1.579  9
  2  40714 11 2476.575 1.558 12
246  40714 11 2481.550 1.558 14
  2  40714 11 2483.500 1.501 20
  2  40714 11 2502.875 1.463 14
  2  40714 11 2513.800 1.549 16
  2  40714 11 2615.025 1.603 14
  2  40714 11 2651.375 1.494 12
  2  40714 11 2662.275 1.529 15
  2  40714 11 2672.275 1.421 15
246  40714 11 2683.200 1.496  9
  2  40714 11 2685.975 1.418 16
  2  40714 11 2740.625 1.465 12
  2  40714 11 2756.275 1.487 12
  2  40714 11 2777.650 1.599 18
246  40714 11 2782.650 1.528 13
  2  40714 11 2896.850 1.461 17
  2  40714 11 2932.875 1.442 18
  2  40714 11 2956.050 1.401 22
  2  40714 11 2969.725 1.475 18
  2  40714 11 3021.625 1.450 15
  2  40714 11 3033.550 1.414 14
  2  40714 11 3051.800 1.496 13
246  40714 11 3115.450 1.539  8
  2  40714 11 3131.800 1.562 15
  2  40714 11 3152.725 1.464 13
  2  40714 11 3200.825 1.498 16
  2  40714 11 3241.325 1.606 11
  2  40714 11 3247.225 1.558 12
  2  40714 11 3288.850 1.468 12
  2  40714 11 3300.825 1.485 11
  2  40714 11 3342.425 1.433 13
  2  40714 11 3384.775 1.507 12
  2  40714 11 3405.025 1.613 18
  2  40714 11 3489.675 1.419 12
  2  40714 11 3545.675 1.583 24
  2  40714 12   97.425 1.504 14
  2  40714 12  209.225 1.531 14
  2  40714 12  308.250 1.305  7
  2  40714 12  356.750 1.451 15
  2  40714 12  364.400 1.529 12
  2  40714 12  372.900 1.585 20
  2  40714 12  392.100 1.408 12
  2  40714 12  396.500 1.503 14
  2  40714 12  422.800 1.641 24
246  40714 12  428.925 1.564 10
  2  40714 12  433.500 1.486 17
  2  40714 12  452.250 1.582 10
246  40714 12  589.050 1.452 14
  2  40714 12  630.000 1.512  9
246  40714 12  698.775 1.442 11
  2  40714 12  833.150 1.541 12
  2  40714 12  846.050 1.432 15
  2  40714 12  853.600 1.491 21
  2  40714 12  864.250 1.430 16
  2  40714 12  875.675 1.466 18
  2  40714 12  889.375 1.498 13
  2  40714 12  903.075 1.411 18
  2  40714 12  930.825 1.544 24
  2  40714 12 1024.550 1.507 15
  2  40714 12 1051.075 1.396 13
  2  40714 12 1160.400 1.451 13
  2  40714 12 1178.500 1.482 15
  2  40714 12 1355.875 1.507 10
  2  40714 12 1360.450 1.432 16
  2  40714 12 1365.700 1.471 14
246  40714 12 1422.975 1.410 14
  2  40714 12 1426.500 1.523 19
  2  40714 12 1525.100 1.436 11
  2  40714 12 1535.100 1.379 15
  2  40714 12 1543.375 1.500 16
  2  40714 12 1563.925 1.391 11
  2  40714 12 1629.625 1.477 15
  2  40714 12 1647.800 1.544 19
  2  40714 12 1675.650 1.512  7
  2  40714 12 1691.025 1.383 14
  2  40714 12 1698.925 1.551 16
  2  40714 12 1707.375 1.460 22
  2  40714 12 1716.050 1.370 11
  2  40714 12 1722.425 1.503 19
  2  40714 12 1735.850 1.464 18
  2  40714 12 1748.700 1.354 12
  2  40714 12 1764.175 1.481 16
  2  40714 12 1953.350 1.437 16
  2  40714 12 2043.925 1.554 14
  2  40714 12 2101.725 1.397 15
  2  40714 12 2111.850 1.383 15
246  40714 12 2137.650 1.442 13
  2  40714 12 2168.700 1.401 15
  2  40714 12 2368.750 1.358 13
  2  40714 12 2538.800 1.470 15
  2  40714 12 2551.375 1.401 17
246  40714 12 2557.250 1.442 14
  2  40714 12 2563.650 1.390 15
  2  40714 12 2573.175 1.501 21
  2  40714 12 2585.525 1.599 23
  2  40714 12 2611.950 1.708 18
  2  40714 12 2627.950 1.409 14
  2  40714 12 2639.150 1.476 17
246  40714 12 2649.825 1.458 13
246  40714 12 2660.675 1.512 14
  2  40714 12 2672.250 1.646 23
  2  40714 12 2682.450 1.465 15
  2  40714 12 2713.350 1.459 14
246  40714 12 2784.300 1.578 10
246  40714 12 2806.250 1.487 14
  2  40714 12 2968.475 1.386 14
  2  40714 12 2987.175 1.515 17
  2  40714 12 3135.700 1.449 16
  2  40714 12 3146.125 1.511 18
  2  40714 12 3163.150 1.495 18
  2  40714 12 3179.125 1.541 18
  2  40714 12 3294.000 1.391  9
246  40714 12 3319.275 1.438 14
  2  40714 12 3324.775 1.475 15
  2  40714 12 3330.575 1.580 22
  2  40714 12 3349.075 1.470 18
  2  40714 12 3355.950 1.393 10
  2  40714 12 3361.675 1.536 18
  2  40714 12 3380.775 1.580 19
  2  40714 12 3392.550 1.384 11
  2  40714 12 3418.125 1.428 11
  2  40714 12 3426.275 1.410 16
  2  40714 13   54.025 1.332 11
  2  40714 13  394.300 1.421 12
  2  40714 13  408.275 1.446 16
  2  40714 13  422.625 1.417 14
  2  40714 13  427.175 1.423 15
  2  40714 13  433.775 1.420 18
  2  40714 13  439.475 1.382 15
  2  40714 13  492.000 1.458 11
  2  40714 13  504.375 1.473 12
  2  40714 13  520.600 1.454 18
  2  40714 13  532.650 1.404 13
  2  40714 13  538.950 1.427 14
  2  40714 13  549.050 1.408 19
  2  40714 13 1025.050 1.497 13
  2  40714 13 1032.125 1.579 16
  2  40714 13 1068.975 1.462 11
  2  40714 13 1086.975 1.615  8
  2  40714 13 1096.575 1.736 21
  2  40714 13 1107.925 1.661 11
  2  40714 13 1119.400 1.646 17
  2  40714 13 1125.450 1.576 15
  2  40714 13 1140.125 1.530 21
  2  40714 13 1145.700 1.695 20
  2  40714 13 1164.575 1.517 15
246  40714 13 1169.775 1.483 10
  2  40714 13 1199.425 1.469 14
  2  40714 13 1229.475 1.458 13
  2  40714 13 1545.375 1.409 14
  2  40714 13 1576.325 1.372 16
246  40714 13 2111.125 1.597 10
  2  40714 13 2121.200 1.473 11
  2  40714 13 2142.300 1.523 17
  2  40714 13 2160.200 1.416 12
  2  40714 13 2184.700 1.501 13
  2  40714 13 2192.850 1.504 17
246  40714 13 2839.225 1.591 14
  2  40714 13 3067.575 1.576 16
  2  40714 13 3089.675 1.607 12
  2  40714 13 3121.550 1.604 16
  2  40714 13 3127.975 1.657 18
  2  40714 13 3135.625 1.816 16
  2  40714 13 3140.275 1.706 18
  2  40714 13 3162.475 1.735 21
  2  40714 13 3177.875 1.702 11
  2  40714 13 3186.750 1.764 19
246  40714 14   81.050 1.660  9
  2  40714 14   95.175 1.633 14
  2  40714 14  183.575 1.725 13
  2  40714 14  224.625 1.544 10
  2  40714 14  274.475 1.552 11
  2  40714 14  290.875 1.555 13
246  40714 14  293.725 1.580 12
  2  40714 14  302.275 1.653 19
  2  40714 14  308.900 1.670 18
  2  40714 14  313.550 1.671 19
  2  40714 14  326.225 1.769 18
  2  40714 14  339.225 1.673 16
  2  40714 14  351.675 1.581 14
  2  40714 14  384.000 1.686 16
  2  40714 14  824.000 1.598 15
246  40714 14 1009.900 1.514 11
  2  40714 14 1555.400 1.527 16
  2  40714 14 1577.400 1.594 17
  2  40714 14 1616.850 1.570 13
  2  40714 14 1621.425 1.550 14
  2  40714 14 1630.800 1.639 19
  2  40714 14 1699.450 1.581 17
  2  40714 14 1706.475 1.638 14
  2  40714 14 1725.800 1.604 15
  2  40714 14 1737.400 1.634 12
  2  40714 14 1753.075 1.650  9
  2  40714 14 1811.525 1.484 12
246  40714 14 1915.075 1.416 12
  2  40714 14 1922.475 1.615 13
  2  40714 14 1929.850 1.608 17
  2  40714 14 1955.825 1.763 15
  2  40714 14 1969.825 1.623 17
  2  40714 14 1978.350 1.566 14
  2  40714 14 1982.475 1.613 17
  2  40714 14 1988.075 1.578 14
  2  40714 14 2000.375 1.606 13
  2  40714 14 2056.175 1.572 11
  2  40714 14 3420.950 1.542  9
  2  40714 14 3445.025 1.383 12
  2  40714 14 3468.475 1.458 14
246  40714 14 3483.575 1.368 10
  2  40714 14 3498.300 1.562 14
246  40714 14 3507.800 1.511 11
  2  40714 15  716.200 1.531 10
  2  40714 15  744.825 1.596  8
  2  40714 15  755.900 1.434 11
  2  40714 15  785.500 1.589 12
  2  40714 15  805.900 1.546 12
  2  40714 15  820.600 1.499 11
  2  40714 15  896.775 1.562 14
246  40714 15  900.850 1.313  9
  2  40714 15  942.025 1.474 15
  2  40714 15  951.575 1.572 17
  2  40714 15  960.600 1.462 16
  2  40714 15  970.675 1.714 19
  2  40714 15  976.025 1.603 14
  2  40714 15  983.575 1.698 18
  2  40714 15 1002.000 1.587 19
  2  40714 15 1006.750 1.528 17
  2  40714 15 1015.325 1.616 16
  2  40714 15 1023.775 1.717 12
  2  40714 15 1033.250 1.552  9
  2  40714 15 1038.875 1.498 18
  2  40714 15 1052.250 1.578 17
  2  40714 15 1064.150 1.755 24
  2  40714 15 1092.300 1.484 16
  2  40714 15 1102.750 1.560  8
  2  40714 15 1124.500 1.411 10
246  40714 16 2239.475 1.490 14
246  40714 16 2243.550 1.500 10
246  40714 16 2292.275 1.491 13
  2  40714 16 2297.050 1.503 15
  2  40714 16 2311.475 1.519 14
  2  40714 16 2330.425 1.500 16
  2  40714 16 2335.775 1.455 13
  2  40714 16 2363.675 1.367 17
  2  40714 16 2396.975 1.398 19
  2  40714 16 2420.225 1.540 20
  2  40714 16 2428.375 1.387 16
246  40714 16 2461.675 1.475 14
  2  40714 16 2464.650 1.391 15
  2  40714 16 2475.800 1.433 15
  2  40714 16 2510.425 1.446 12
  2  40714 16 2529.600 1.361 13
  2  40714 16 2541.050 1.429 13
  2  40714 16 2548.375 1.554 16
  2  40714 16 2557.250 1.425 15
  2  40714 16 2580.575 1.482 11
  2  40714 16 2584.650 1.444 13
  2  40714 16 2632.225 1.503 20
  2  40714 16 2733.300 1.512 14
  2  40714 16 2863.675 1.534 13
  2  40714 16 2932.925 1.524 14
  2  40714 16 2968.475 1.584 13
  2  40714 16 2990.475 1.493 11
  2  40714 16 2998.425 1.465 21
  2  40714 16 3010.550 1.507 18
  2  40714 16 3018.925 1.541 17
  2  40714 16 3031.175 1.532 17
  2  40714 16 3065.225 1.509 20
  2  40714 16 3070.650 1.487 15
  2  40714 16 3084.400 1.561 19
  2  40714 16 3097.200 1.419 10
  2  40714 16 3107.600 1.427 17
  2  40714 16 3132.425 1.481 17
  2  40714 16 3140.675 1.669 24
  2  40714 16 3165.100 1.496 16
  2  40714 16 3176.625 1.533 17
  2  40714 16 3189.250 1.529 26
  2  40714 16 3211.000 1.698 20
  2  40714 16 3217.700 1.622 26
246  40714 16 3242.675 1.607 13
  2  40714 16 3245.675 1.566  9
  2  40714 16 3261.500 1.615 13
  2  40714 16 3267.425 1.659 17
  2  40714 16 3285.775 1.556 11
  2  40714 16 3301.475 1.683  9
  2  40714 16 3306.700 1.531 10
  2  40714 16 3324.500 1.552  6
  2  40714 16 3442.425 1.518 12
  2  40714 16 3547.200 1.523 13
  2  40714 17  294.350 1.623 14
  2  40714 17  309.625 1.494 10
  2  40714 18 1200.875 1.479  9
  2  40714 18 1446.475 1.507 14
  2  40714 18 1467.775 1.529 13
  2  40714 18 1476.825 1.435 12
  2  40714 18 1489.700 1.477 16
246  40714 18 1497.575 1.540  9
  2  40714 18 1499.550 1.646  9
  2  40714 18 1510.825 1.672 16
  2  40714 18 1536.500 1.489 21
  2  40714 18 1564.075 1.560 15
  2  40714 18 1596.000 1.501 15
  2  40714 18 1601.775 1.564 18
  2  40714 18 1611.575 1.535 14
  2  40714 18 1928.250 1.646 12
  2  40714 18 1944.550 1.521 18
246  40714 18 2466.600 1.482 17
  2  40714 18 2703.450 1.631 12
  2  40714 18 2714.425 1.597 12
  2  40714 18 2736.200 1.492  9
  2  40714 18 2998.475 1.575 12
  2  40714 18 3050.625 1.554 12
  2  40714 19  212.700 1.619 12
  2  40714 19  257.200 1.520 12
  2  40714 19  272.100 1.646 16
  2  40714 19  297.400 1.786 13
  2  40714 19  304.750 1.587 17
  2  40714 19  309.350 1.595 15
  2  40714 19  319.125 1.651 16
  2  40714 19  327.750 1.676 25
246  40714 19  339.475 1.657 13
  2  40714 19  348.475 1.633 13
  2  40714 19  360.500 1.741 17
  2  40714 19  370.575 1.606 15
  2  40714 19  379.300 1.581 14
  2  40714 19  393.275 1.570 15
  2  40714 19  443.100 1.474 14
  2  40714 19  466.500 1.676 18
  2  40714 20 1607.125 1.538  7
  2  40714 20 2032.475 1.498 18
  2  40714 20 2036.975 1.500 14
  2  40714 20 2046.025 1.666 13
  2  40714 20 2056.000 1.792 22
  2  40714 20 2067.225 1.643 16
246  40714 20 2077.650 1.575 14
  2  40714 20 2085.750 1.871 28
  2  40714 20 2094.150 1.731  9
  2  40714 20 2102.850 1.622 13
246  40714 20 2108.800 1.663 12
  2  40714 20 2125.075 1.730 15
  2  40714 20 2137.675 1.636 19
  2  40714 20 2148.450 1.594 20
  2  40714 20 2156.950 1.635 19
  2  40714 20 2169.025 1.558 16
  2  40714 20 2179.875 1.555 15
  2  40714 20 2188.075 1.599 12
  2  40714 20 2196.100 1.720 18
  2  40714 20 2204.750 1.580 20
  2  40714 20 2213.075 1.750 26
  2  40714 20 2231.575 1.819 23
  2  40714 20 2250.225 1.734 22
  2  40714 20 2280.325 1.593 10
  2  40714 20 3566.950 1.751 12
  2  40714 21 1893.850 1.603 17
  2  40714 21 1959.600 1.725  8
  2  40714 21 1972.125 1.691 17
  2  40714 21 1982.975 1.483 11
  2  40714 21 2006.825 1.573 18
  2  40714 21 2030.875 1.704 18
  2  40714 21 2035.725 1.585 14
  2  40714 21 2045.575 1.687 22
  2  40714 21 2051.950 1.623 12
  2  40714 21 2067.225 1.732 19
  2  40714 21 2081.500 1.595 21
  2  40714 21 2103.200 1.614 19
246  40714 21 2108.175 1.757 15
  2  40714 21 2142.600 1.729 17
  2  40714 21 2168.125 1.639 10
  2  40714 21 2174.400 1.775 25
  2  40714 21 2184.000 1.575 14
  2  40714 21 2211.100 1.651 12
  2  40714 21 2223.650 1.730 16
  2  40714 21 2273.225 1.643 12
246  40714 21 2305.325 1.594 10
  2  40714 21 2390.275 1.620  8
246  40714 21 2391.950 1.590 11
  2  40714 22  347.225 1.669 18
  2  40714 22  352.325 1.826 22
  2  40714 22  367.925 1.777 15
  2  40714 22  374.425 1.722 13
  2  40714 22  401.925 1.805 18
  2  40714 22  406.150 1.904 18
  2  40714 22  422.775 1.844 16
246  40714 22  541.225 1.898 12
246  40714 22  546.925 1.822  9
246  40714 22  834.675 1.822  8
  2  40714 22 1212.025 1.918 11
  2  40714 22 1366.975 1.854 18
  2  40714 22 1391.325 1.810 17
  2  40714 22 1398.275 1.710 15
  2  40714 22 2661.300 1.649 11
  2  40714 22 3299.525 1.684 15
  2  40714 22 3307.700 1.663 13
  2  40714 22 3321.350 1.656  9
  2  40714 22 3329.950 1.811 20
  2  40714 22 3360.975 1.679 14
  2  40714 22 3376.850 1.791 10
246  40714 22 3384.750 1.635  9
  2  40714 22 3417.275 1.713 13
  2  40714 22 3421.700 1.634 13
  2  40714 22 3453.225 1.789 13
  2  40714 22 3489.225 1.589 15
246  40714 22 3492.400 1.637 17
  2  40714 22 3511.475 1.857 21
  2  40714 22 3520.150 1.843 26
  2  40714 22 3530.900 1.740  8
  2  40714 22 3573.750 1.773 15
  2  40714 22 3593.375 1.753 14
  2  40714 23   18.525 1.664 19
246  40714 23   55.200 1.616 10
  2  40714 23  554.075 1.566 13
  2  40714 23 2388.075 1.593  9
  2  40714 23 2405.450 1.687 16
  2  40714 23 2414.025 1.747 16
  2  40714 23 2435.975 1.758 14
  2  40714 23 2451.100 1.876 20
  2  40714 23 2459.675 1.755 16
246  40714 23 2468.850 1.798  9
  2  40714 23 2481.825 1.861 15
  2  40714 23 2489.050 1.882 22
  2  40714 23 2497.200 1.800 14
  2  40714 23 2511.875 1.844 18
246  40714 23 2531.800 1.774 15
  2  40714 23 2543.925 1.868 20
  2  40714 24 2701.900 1.620 11
  2  40714 24 3041.450 1.538 12
  2  40714 24 3122.125 1.695 11
  2  40714 24 3141.450 1.597 12
  2  40714 24 3158.525 1.714 12
  2  40714 24 3167.200 1.705 25
246  40714 24 3185.400 1.630 10
  2  40714 24 3191.600 1.748 17
  2  40714 24 3202.950 1.649 15
  2  40714 24 3214.050 1.660 13
  2  40714 24 3229.450 1.751 15
  2  40714 24 3234.950 1.811 12
  2  40714 24 3242.400 1.843 16
  2  40714 24 3250.375 1.674 17
  2  40714 24 3261.725 1.800 27
  2  40714 24 3270.300 1.726 15
  2  40714 24 3295.175 1.761  9
  2  40714 24 3302.450 1.852 14
  2  40714 24 3318.550 1.817 18
246  40714 24 3330.550 1.850 14
  2  40714 24 3339.350 2.009 15
  2  40714 24 3345.700 1.874 15
  2  40714 24 3350.300 1.823  9
  2  40714 24 3379.975 2.180 11
  2  40714 24 3395.125 1.884 21
  2  40714 24 3432.800 1.700 14
  2  40714 24 3504.725 1.648 14
  2  40714 24 3558.325 1.723 13
  2  40714 24 3586.025 1.703 11
