  2  50912  1 1012.825 1.723 20
  2  50912  1 1025.825 1.709 11
246  50912  2 1505.525 1.849  5
246  50912  2 1721.950 1.753 11
  2  50912  2 1765.175 1.682 12
  2  50912  2 1854.975 1.928 15
  2  50912  2 1864.875 1.794 17
  2  50912  2 1878.375 1.919 20
  2  50912  2 1884.350 1.849 15
  2  50912  2 1890.275 1.771 15
246  50912  2 1895.600 1.831 14
  2  50912  2 1900.675 1.829 14
  2  50912  2 1905.525 1.716 15
  2  50912  2 1913.625 1.805 13
  2  50912  2 1931.925 1.774 18
  2  50912  2 1937.725 1.883 21
246  50912  2 1944.550 1.763 19
  2  50912  2 1946.925 2.060 10
  2  50912  2 1957.375 1.804 24
  2  50912  2 1965.275 1.745  8
  2  50912  2 1978.975 1.826 17
  2  50912  2 1984.550 1.938 12
  2  50912  2 1998.975 1.829 16
  2  50912  2 2003.450 1.817 16
  2  50912  2 2012.575 1.847 21
  2  50912  2 2022.150 1.816 25
  2  50912  2 2052.500 1.736 13
  2  50912  2 2072.250 1.703 19
  2  50912  2 2079.000 1.827 13
  2  50912  2 2087.425 1.709 17
  2  50912  2 2121.100 1.926 12
  2  50912  2 2247.000 1.570  9
  2  50912  2 2356.800 1.724 10
  2  50912  2 2368.275 1.661  8
  2  50912  2 2910.800 1.709 14
  2  50912  2 3309.675 1.667 11
  2  50912  3  685.550 1.728 13
  2  50912  3  711.200 1.737  9
246  50912  3  722.400 1.789 11
  2  50912  3  832.150 1.775 11
  2  50912  3  869.675 1.897 14
  2  50912  3  893.675 1.918 17
  2  50912  3  902.300 1.921 16
246  50912  3 1115.200 2.132  7
246  50912  3 1237.600 2.108  9
  2  50912  3 1240.300 2.137 13
246  50912  3 1248.100 1.984 11
  2  50912  6 1019.750 1.879 24
  2  50912  6 1046.375 1.850 20
  2  50912  6 1064.525 1.823 16
  2  50912  6 1108.000 1.816 15
  2  50912  6 1141.925 1.841 15
  2  50912  6 1147.325 1.783 13
  2  50912  6 1157.750 1.846 23
  2  50912  6 1178.100 1.967 16
246  50912  6 1191.325 1.889 13
  2  50912  6 1196.625 1.953 16
  2  50912  6 1209.125 1.921 17
  2  50912  6 1222.150 1.822 13
  2  50912  6 1247.025 2.033 19
  2  50912  6 2070.900 1.985 12
  2  50912  6 2078.925 1.879 14
  2  50912  6 2482.700 1.779 21
246  50912  6 3048.600 1.784 11
  2  50912  7 1316.100 1.816 12
  2  50912  7 1320.400 1.847 15
  2  50912  7 1327.525 1.904  8
  2  50912  7 1351.775 1.889 10
  2  50912  7 1361.650 1.961 16
  2  50912  7 1388.300 2.028 26
  2  50912  7 1396.200 1.890 22
  2  50912  7 1402.450 1.874 15
  2  50912  7 1419.950 2.075 27
246  50912  7 1426.275 2.006 13
  2  50912  7 1454.450 1.750 14
  2  50912  7 1536.850 1.880 16
  2  50912  7 1606.150 1.875 10
  2  50912  7 1737.900 1.978 11
  2  50912  7 1772.000 1.827 13
  2  50912  8 2486.975 1.804 10
  2  50912  8 2513.875 1.667 11
  2  50912 10 2803.925 1.619 11
  2  50912 10 3045.550 1.754 10
  2  50912 10 3088.350 1.710 14
  2  50912 10 3100.650 1.727 10
  2  50912 10 3174.050 1.643 10
  2  50912 10 3269.375 1.710 13
  2  50912 10 3334.225 1.673 15
  2  50912 10 3385.975 1.600 14
  2  50912 10 3398.400 1.586 14
  2  50912 10 3421.075 1.561 13
  2  50912 10 3439.700 1.599 11
  2  50912 10 3455.575 1.599 11
  2  50912 10 3473.650 1.667 13
  2  50912 10 3503.325 1.746 19
  2  50912 10 3514.000 1.653  9
  2  50912 10 3521.925 1.680 16
246  50912 10 3560.200 1.543 15
  2  50912 10 3579.000 1.889 10
  2  50912 10 3586.675 1.504 12
  2  50912 11    0.700 1.688 11
  2  50912 11   20.000 1.573 11
  2  50912 11   55.325 1.832 18
246  50912 11   97.500 1.630 10
  2  50912 11  102.250 1.565 11
  2  50912 11  224.075 1.787 14
  2  50912 11  253.725 1.643 11
  2  50912 12  192.450 1.638 11
  2  50912 13  156.425 1.630 11
  2  50912 13 3412.975 1.616 11
  2  50912 14 1710.800 1.614 10
246  50912 15  166.750 1.575 10
  2  50912 15  208.925 1.661 10
246  50912 15  326.850 1.532 14
  2  50912 15  432.900 1.616  8
  2  50912 15  558.225 1.593 13
  2  50912 15  637.600 1.750 10
  2  50912 15  714.400 1.692 10
  2  50912 15  741.575 1.808 15
  2  50912 15  804.900 1.622  9
  2  50912 15  813.450 1.632  9
  2  50912 15  827.650 1.742 14
  2  50912 15  842.450 1.632 11
  2  50912 15  854.500 1.533 10
  2  50912 15  902.275 1.655 14
246  50912 15  912.725 1.637  9
  2  50912 15  937.650 1.532 15
  2  50912 15  948.700 1.509 14
  2  50912 15  955.600 1.809 18
  2  50912 15  974.900 1.685 12
  2  50912 15  985.025 1.614 12
  2  50912 15 1016.475 1.618 20
  2  50912 15 1050.825 1.553 11
  2  50912 15 1087.850 1.704 27
  2  50912 15 1113.575 1.580 15
  2  50912 15 1123.775 1.715 15
  2  50912 15 1192.125 1.720  7
  2  50912 15 1206.300 1.763  8
  2  50912 15 1244.400 1.907 12
  2  50912 15 1292.150 1.931  7
246  50912 15 3429.600 1.688 11
  2  50912 15 3477.125 1.633 11
  2  50912 16  236.075 1.608 15
  2  50912 16  248.650 1.576 16
  2  50912 16  255.950 1.727 17
  2  50912 16  261.250 1.585 10
  2  50912 16  298.875 1.799 28
  2  50912 16  312.350 1.759 19
  2  50912 16  327.175 1.735 14
  2  50912 16  340.075 1.690 25
246  50912 16  341.850 1.647 27
  2  50912 16  355.525 1.887 21
  2  50912 16  363.000 1.869 11
  2  50912 16  384.425 1.525 10
  2  50912 16  539.400 1.573  8
  2  50912 16  546.375 1.736 16
  2  50912 16  552.775 1.601 11
  2  50912 16  676.325 1.419 11
  2  50912 16  891.950 1.506 11
  2  50912 16  904.150 1.564 12
  2  50912 16  927.375 1.645 10
246  50912 16  930.775 1.579  9
  2  50912 17 1200.350 1.727 12
  2  50912 17 1212.525 1.797 13
  2  50912 17 1293.450 1.730  6
  2  50912 17 1303.950 1.903 14
  2  50912 17 1390.750 1.621 12
  2  50912 17 1412.625 2.022 13
  2  50912 17 1431.300 1.867 12
  2  50912 17 1444.000 1.719 10
  2  50912 17 1456.875 1.878 16
  2  50912 17 1471.800 1.848 15
  2  50912 17 1479.925 1.646 18
  2  50912 17 1495.675 1.808 14
  2  50912 17 1501.950 1.815 12
  2  50912 17 1520.000 1.590 12
  2  50912 17 1529.475 1.684 12
  2  50912 17 1563.900 1.560 17
  2  50912 17 1571.150 1.613 12
  2  50912 17 1575.825 1.734 15
  2  50912 17 1589.375 1.942 22
  2  50912 17 1609.500 1.749 13
  2  50912 17 1616.850 1.567 19
  2  50912 17 1625.100 1.644 15
  2  50912 17 1634.675 1.716  9
  2  50912 17 1679.100 1.521 13
  2  50912 17 1797.250 1.748 11
  2  50912 18 1136.875 2.027  7
  2  50912 18 1151.250 1.942 19
  2  50912 18 1161.550 1.984 13
  2  50912 18 1179.350 1.840 13
  2  50912 18 1188.900 1.758 17
  2  50912 18 1197.625 1.827 13
  2  50912 18 1205.925 1.691 19
  2  50912 18 1221.625 1.689 17
  2  50912 18 1232.350 1.841 13
  2  50912 18 1243.975 1.970  8
  2  50912 18 1263.525 1.959 12
  2  50912 18 1288.625 2.019 12
  2  50912 18 1385.300 1.829 15
  2  50912 18 1434.950 1.777 12
  2  50912 18 1466.825 1.704 10
  2  50912 18 1642.325 1.650 10
  2  50912 18 2495.950 1.765 13
246  50912 18 2537.000 1.768  6
  2  50912 18 2562.200 1.819 12
  2  50912 18 2627.800 1.717 12
  2  50912 18 2632.050 1.720 13
  2  50912 18 2666.750 1.818 20
  2  50912 18 2677.000 1.821 15
  2  50912 18 2685.425 1.706 16
  2  50912 18 2694.975 1.779 11
  2  50912 18 2699.775 1.615 14
246  50912 18 2717.100 1.798 14
246  50912 18 2725.175 1.599 12
  2  50912 18 2734.500 1.809 15
  2  50912 18 3039.250 1.910 14
  2  50912 18 3090.925 1.729 16
  2  50912 19 3413.650 1.740  8
  2  50912 19 3474.500 1.648  9
246  50912 19 3508.600 1.556  9
  2  50912 19 3513.175 1.624 12
  2  50912 19 3524.675 1.698 19
  2  50912 19 3531.075 1.692 10
  2  50912 19 3549.750 1.733 13
  2  50912 19 3562.125 1.767 12
  2  50912 19 3571.275 1.734 18
  2  50912 19 3581.675 1.891 14
246  50912 19 3591.150 1.739 15
  2  50912 20    7.550 1.772 21
246  50912 20   25.450 1.757 17
  2  50912 20   27.625 1.727 20
  2  50912 20   33.150 1.792 10
246  50912 20   35.025 1.761 11
  2  50912 20   42.925 1.725 16
  2  50912 20   61.400 1.785 23
  2  50912 20   69.275 1.736 13
  2  50912 20   78.425 1.601 12
246  50912 20   95.700 1.679  7
  2  50912 20  136.550 1.792 17
  2  50912 21  241.075 1.945 11
246  50912 21 2169.900 1.854 11
246  50912 21 2497.325 1.720 12
  2  50912 21 3522.350 1.967  7
  2  50912 21 3550.750 2.070 10
  2  50912 21 3568.100 1.981 18
  2  50912 21 3578.075 2.160 20
  2  50912 21 3593.850 2.120 18
  2  50912 22   34.800 2.067 10
  2  50912 22   43.575 1.971 10
  2  50912 22  232.125 1.972 17
246  50912 23 3406.575 2.082  9
