  2  40717  1 1525.225 1.898 12
  2  40717  1 2319.750 1.785 13
  2  40717  1 2369.350 1.888 10
  2  40717  1 2408.775 1.964 12
  2  40717  1 2539.325 1.934 20
  2  40717  1 2717.700 2.080 10
246  40717  1 2758.050 1.713 17
  2  40717  1 2761.475 1.739 12
  2  40717  1 2768.550 1.755 14
  2  40717  1 2781.175 1.823 15
  2  40717  1 2789.075 1.746 13
  2  40717  1 2860.850 1.783 15
  2  40717  1 2870.425 1.786 17
  2  40717  1 2898.725 1.751 12
  2  40717  1 2905.450 1.693 12
  2  40717  1 3025.000 1.740 13
246  40717  1 3045.400 1.794 10
  2  40717  1 3056.550 1.838 18
246  40717  1 3116.925 1.594  9
  2  40717  1 3199.650 1.959 21
  2  40717  1 3213.650 1.909 13
246  40717  1 3266.350 1.776  8
  2  40717  1 3270.200 1.772 12
  2  40717  1 3323.850 2.071 13
  2  40717  1 3365.450 1.980 13
  2  40717  1 3371.725 1.787 11
  2  40717  1 3527.075 1.953 13
246  40717  2  579.875 1.753 13
  2  40717  2  609.925 1.689 11
246  40717  2  620.575 1.835 10
  2  40717  2  630.900 1.872 16
  2  40717  2  638.800 1.815 12
  2  40717  2  648.500 1.903 22
  2  40717  2  657.875 1.876 15
  2  40717  2  670.800 1.862 17
  2  40717  2  690.200 1.921 15
246  40717  2  831.225 1.903 11
  2  40717  2 1242.850 2.102  8
  2  40717  2 1254.600 2.026 11
  2  40717  2 1262.750 2.315 11
  2  40717  2 1274.675 2.138 15
  2  40717  2 1288.425 2.052 16
  2  40717  2 1295.150 1.995 14
246  40717  2 1312.750 1.989  8
  2  40717  2 1327.000 1.895 16
  2  40717  2 2589.750 1.797 10
  2  40717  2 2607.050 1.717 16
  2  40717  2 2616.050 1.747 16
  2  40717  2 2622.300 1.840 24
  2  40717  2 2630.925 1.789 19
  2  40717  2 2644.200 2.035 13
  2  40717  2 2652.075 1.886 10
  2  40717  2 2661.775 1.873 12
  2  40717  2 3387.025 1.783 12
  2  40717  2 3425.800 1.798  9
  2  40717  2 3481.675 1.691 10
  2  40717  2 3519.175 1.713  8
246  40717  3   72.350 2.151  9
246  40717  3  173.025 1.834 13
  2  40717  3  314.500 1.729 12
246  40717  3  358.050 1.776 11
  2  40717  3  622.250 1.866 14
  2  40717  3 1603.275 1.890  8
246  40717  3 1626.700 1.650 12
  2  40717  3 1642.375 1.546 12
  2  40717  3 1691.375 1.629 12
  2  40717  3 1733.275 1.598 13
  2  40717  3 1746.975 1.694 23
  2  40717  3 1761.575 1.600 14
246  40717  3 1771.100 1.642  9
  2  40717  3 1774.525 1.550 16
246  40717  3 1781.800 1.710 11
  2  40717  3 1791.850 1.787 14
  2  40717  3 1803.425 1.864 28
  2  40717  3 1819.825 1.667 12
  2  40717  3 1824.100 1.792 11
  2  40717  3 1832.575 1.651 20
  2  40717  3 1841.625 1.718 17
  2  40717  3 1847.175 1.794 18
  2  40717  3 1851.625 1.626 17
  2  40717  3 1860.000 1.807 18
  2  40717  3 1913.775 1.515 11
  2  40717 10  175.875 1.606 14
  2  40717 10 1049.400 1.728  9
  2  40717 22 2265.625 1.466 13
  2  40717 23 1520.975 1.814 10
246  40717 23 1622.075 1.590 11
