246  30305 11 2380.500 1.530 14
  2  30305 13  883.425 1.917 15
  2  30305 15  746.925 1.866  6
  2  30305 15  766.175 1.871  9
  2  30305 15  777.375 1.854 14
  2  30305 15  790.600 1.764 17
  2  30305 15  806.200 1.842 14
  2  30305 15  816.500 1.796 18
  2  30305 15  831.400 1.909 15
  2  30305 15  855.250 1.905 17
  2  30305 15  874.350 1.943 15
  2  30305 15  888.400 1.917 14
  2  30305 15  910.000 1.927 15
  2  30305 15  921.775 2.005 18
  2  30305 15  935.375 1.862 17
  2  30305 15  945.475 1.990 14
  2  30305 15  967.675 1.853 11
246  30305 15  982.925 1.888 17
  2  30305 15  986.400 1.900 11
  2  30305 15 1104.100 1.937 12
  2  30305 15 1134.125 2.033 17
  2  30305 15 1357.025 2.148 14
  2  30305 15 1361.375 2.117 15
246  30305 15 1381.925 2.036 13
  2  30305 15 1384.500 1.956 12
  2  30305 15 1408.550 2.095 15
  2  30305 15 1718.600 1.871 13
  2  30305 15 1930.950 1.842 14
  2  30305 15 2147.300 1.704 13
  2  30305 15 3085.650 1.710 15
  2  30305 15 3096.225 1.704 16
  2  30305 15 3104.025 1.799 14
246  30305 15 3108.975 1.795 16
  2  30305 15 3113.525 1.766 14
  2  30305 15 3122.250 1.870 15
  2  30305 15 3154.500 1.866 17
  2  30305 15 3163.950 2.006 19
  2  30305 15 3190.975 1.915 11
  2  30305 15 3211.925 1.857 18
246  30305 15 3226.700 1.814 13
  2  30305 15 3232.625 1.729 20
