  2  30303  6 1158.350 1.427 13
  2  30303  7  650.050 1.468 14
  2  30303  7  781.900 1.339 16
  2  30303  7  812.300 1.516 13
  2  30303  7  922.375 1.515 16
  2  30303  7 1170.025 1.390 17
  2  30303  7 1282.025 1.333 14
  2  30303  7 1499.025 1.505 13
  2  30303  7 1521.500 1.551 13
  2  30303  7 1996.225 1.535 14
  2  30303  7 2080.450 1.565 15
  2  30303  7 2599.250 1.458 10
  2  30303  7 3110.200 1.546 12
  2  30303  7 3204.250 1.354 16
246  30303  7 3481.300 1.484 19
  2  30303  7 3538.075 1.412 17
  2  30303  7 3577.450 1.397 15
  2  30303  8    8.225 1.504 21
  2  30303  8   46.775 1.421 12
  2  30303  8   67.500 1.628 10
  2  30303  8   89.825 1.468 13
  2  30303  8  289.400 1.438 19
  2  30303  8  361.925 1.435 16
  2  30303  8  378.725 1.384 17
  2  30303  8  495.225 1.443 13
  2  30303  8  583.225 1.434 17
  2  30303  8  620.850 1.390 19
  2  30303  8  688.925 1.493 16
  2  30303  8  747.625 1.460 15
  2  30303  8  804.450 1.467 15
  2  30303  8  865.750 1.385 15
  2  30303  8  967.575 1.406 21
  2  30303  8  976.150 1.382 17
  2  30303  8  986.100 1.485 23
246  30303  8 1001.725 1.668 11
  2  30303  8 1009.650 1.372 20
  2  30303  8 1023.400 1.337 10
  2  30303  8 1117.375 1.410 20
  2  30303  8 1124.625 1.417 18
  2  30303  8 1187.225 1.432 20
  2  30303  8 1207.675 1.474 25
  2  30303  8 1267.450 1.488 12
  2  30303  8 1272.050 1.356 10
  2  30303  8 1277.950 1.386 14
246  30303  8 1287.400 1.364 17
  2  30303  8 1293.550 1.471 20
  2  30303  8 1339.775 1.352 16
  2  30303  8 1357.175 1.345 18
  2  30303  8 1364.000 1.425 17
  2  30303  8 1374.825 1.426 17
  2  30303  8 1397.650 1.463 22
246  30303  8 1407.025 1.542 11
  2  30303  8 1409.375 1.520 13
  2  30303  8 1426.850 1.483 20
246  30303  8 1437.800 1.390 21
  2  30303  8 1440.275 1.438 19
  2  30303  8 1449.850 1.410 13
  2  30303  8 1458.575 1.454 13
  2  30303  8 1484.825 1.444 13
  2  30303  8 1493.900 1.474 20
  2  30303  8 1501.375 1.494 17
  2  30303  8 1513.375 1.380 15
  2  30303  8 1554.325 1.315 16
  2  30303  8 1569.025 1.357 16
  2  30303  8 1580.450 1.273 19
  2  30303  8 1610.225 1.274 18
  2  30303  8 1622.950 1.400 13
  2  30303  8 1679.950 1.442 17
  2  30303  8 1702.000 1.452 23
  2  30303  8 1709.325 1.386  8
  2  30303  8 1716.750 1.320 12
  2  30303  8 1755.475 1.376 13
  2  30303  8 1985.975 1.485 18
  2  30303  8 1992.225 1.426 23
  2  30303  8 2034.000 1.478 14
  2  30303  8 2048.450 1.429 19
  2  30303  8 2068.475 1.429 17
  2  30303  8 2075.425 1.435 20
  2  30303  8 2083.625 1.412 21
  2  30303  8 2090.400 1.566 20
  2  30303  8 2119.400 1.410  9
  2  30303  8 2184.175 1.394 19
  2  30303  8 2223.400 1.470 12
  2  30303  8 2228.050 1.377 14
  2  30303  8 2258.475 1.362 13
  2  30303  8 2270.000 1.357 15
  2  30303  8 2275.925 1.452 22
  2  30303  8 2282.750 1.451 24
  2  30303  8 2304.300 1.445 13
  2  30303  8 2316.325 1.420 15
  2  30303  8 2343.875 1.540 15
  2  30303  8 2351.875 1.736 28
  2  30303  8 2362.800 1.581 17
  2  30303  8 2368.425 1.570 14
246  30303  8 2433.400 1.545  9
  2  30303  8 2531.925 1.475 17
  2  30303  8 2623.675 1.366 12
246  30303  8 2705.100 1.355 12
  2  30303  8 2719.450 1.430 11
  2  30303  8 2752.700 1.441 23
  2  30303  8 2775.750 1.418 22
  2  30303  8 2796.650 1.457 11
  2  30303  8 2802.525 1.494 19
246  30303  8 3082.675 1.344 16
  2  30303  8 3260.375 1.418 22
  2  30303  8 3280.175 1.391 13
  2  30303  8 3297.650 1.454 22
  2  30303  8 3455.325 1.278 16
  2  30303  8 3512.850 1.403 18
  2  30303  8 3586.350 1.414 14
  2  30303  9    1.550 1.430 13
246  30303  9   23.825 1.504 10
246  30303  9   36.775 1.430 14
  2  30303  9   42.575 1.479 23
  2  30303  9   67.825 1.476 13
  2  30303  9   90.925 1.456 23
  2  30303  9   95.950 1.506 27
  2  30303  9  104.400 1.625 18
  2  30303  9  120.850 1.531 20
  2  30303  9  229.300 1.487 14
  2  30303  9  238.825 1.527 25
  2  30303  9  247.075 1.553 21
  2  30303  9  518.200 1.405 18
  2  30303  9  533.175 1.399 14
  2  30303  9  630.000 1.285  8
  2  30303  9  777.300 1.476 18
246  30303  9  787.175 1.384 11
  2  30303  9  892.450 1.270 20
  2  30303  9  952.850 1.343 13
  2  30303  9 1041.475 1.336 18
  2  30303  9 1062.775 1.440 19
  2  30303  9 1067.450 1.403 21
  2  30303  9 1084.850 1.334 15
  2  30303  9 1096.750 1.353 19
  2  30303  9 1183.425 1.351 13
  2  30303  9 1341.550 1.389 19
  2  30303  9 1346.375 1.405 17
  2  30303  9 1371.450 1.399 16
  2  30303  9 1434.025 1.558 21
  2  30303  9 1443.800 1.510 20
246  30303  9 1474.750 1.423 13
246  30303  9 1502.150 1.394 14
  2  30303  9 1518.000 1.564 18
  2  30303  9 1529.075 1.529 15
  2  30303  9 1534.450 1.500 14
  2  30303  9 1576.775 1.471 19
  2  30303  9 1584.900 1.429 20
  2  30303  9 1615.125 1.525 22
  2  30303  9 1630.900 1.584 20
246  30303  9 1636.950 1.473 13
  2  30303  9 1656.275 1.582 21
246  30303  9 1666.375 1.626 21
  2  30303  9 1668.100 1.630 11
  2  30303  9 1682.200 1.540 15
  2  30303  9 2009.225 1.541 12
  2  30303  9 2052.625 1.424 12
246  30303  9 2247.850 1.419 15
  2  30303  9 2266.300 1.434 16
  2  30303  9 2282.225 1.570 22
  2  30303  9 2290.100 1.539 15
  2  30303  9 2295.800 1.469 13
  2  30303  9 2319.725 1.515  9
  2  30303  9 2405.000 1.453 14
  2  30303  9 2414.800 1.612 20
246  30303  9 2423.575 1.596 17
  2  30303  9 2433.525 1.604 18
  2  30303  9 2440.025 1.545 23
  2  30303  9 2569.850 1.532 12
  2  30303  9 2633.375 1.435 17
  2  30303  9 2917.850 1.508 16
  2  30303  9 2942.200 1.537 19
246  30303  9 2992.775 1.410 17
  2  30303  9 3017.150 1.380 16
  2  30303  9 3038.500 1.413 14
  2  30303 10   72.175 1.531 20
  2  30303 10  116.800 1.559 19
  2  30303 10  137.725 1.519 11
  2  30303 10  152.825 1.568 24
  2  30303 10  163.725 1.542 18
  2  30303 10  174.450 1.523 22
  2  30303 10  190.875 1.594 19
  2  30303 10  196.775 1.719 23
  2  30303 10  207.400 1.706 17
246  30303 10  212.675 1.592 19
  2  30303 10  223.150 1.590 22
246  30303 10  231.775 1.520 13
246  30303 10  246.550 1.610 19
  2  30303 10  250.525 1.614 14
  2  30303 10  257.025 1.478 11
  2  30303 10  301.375 1.492 15
  2  30303 10  336.550 1.545 19
  2  30303 10  697.300 1.494 10
  2  30303 10 1019.750 1.430 17
  2  30303 10 1033.825 1.447 10
  2  30303 10 1734.150 1.699 12
  2  30303 10 1784.750 1.587 17
246  30303 10 1791.400 1.503 13
246  30303 10 1805.350 1.531 14
  2  30303 10 1815.775 1.573 18
  2  30303 10 1834.000 1.787 17
  2  30303 10 1839.925 1.645 17
  2  30303 10 1850.075 1.584 18
  2  30303 10 1865.700 1.701 16
  2  30303 10 1870.075 1.677 24
  2  30303 10 1881.450 1.631 17
  2  30303 10 1886.650 1.675 18
  2  30303 10 1920.300 1.587 16
246  30303 10 1956.025 1.451 11
  2  30303 10 2002.925 1.675 17
246  30303 10 3390.150 1.558 14
  2  30303 10 3404.175 1.678 22
  2  30303 10 3412.875 1.523 15
  2  30303 10 3428.950 1.522 15
  2  30303 10 3442.925 1.653 18
  2  30303 10 3450.400 1.718 13
  2  30303 10 3494.075 1.562 19
  2  30303 10 3513.550 1.578 16
  2  30303 10 3534.250 1.578 20
  2  30303 10 3559.900 1.386 12
  2  30303 10 3582.600 1.531 16
246  30303 10 3585.050 1.554 14
  2  30303 10 3596.325 1.620 14
246  30303 11    5.250 1.619 14
  2  30303 11   20.900 1.631 12
246  30303 11   50.350 1.618 14
246  30303 11 1608.275 1.567 15
  2  30303 11 1669.575 1.562 14
246  30303 11 1676.425 1.664 14
  2  30303 11 1695.425 1.597 13
  2  30303 11 1708.900 1.505 14
  2  30303 11 2428.050 1.542 12
  2  30303 11 2438.800 1.535 15
  2  30303 11 2479.750 1.508 20
  2  30303 11 2497.950 1.553 14
246  30303 11 2518.350 1.429 17
  2  30303 11 2521.150 1.534 21
  2  30303 11 2529.900 1.541  9
  2  30303 11 2542.075 1.590 18
  2  30303 11 2550.000 1.539 23
  2  30303 11 2560.275 1.570 16
  2  30303 11 2583.725 1.595 22
  2  30303 11 2610.450 1.470 17
246  30303 11 2620.500 1.530 16
246  30303 11 2627.925 1.511 11
  2  30303 11 2633.275 1.494 17
  2  30303 11 2657.225 1.567 18
  2  30303 11 2663.050 1.482 21
  2  30303 11 2700.600 1.555 13
  2  30303 11 2717.000 1.638 19
  2  30303 11 2723.525 1.584 16
246  30303 11 2725.650 1.615 12
  2  30303 11 2745.300 1.806 27
  2  30303 11 2778.225 1.705 13
  2  30303 11 2784.000 1.573 11
246  30303 12 1097.950 1.558 10
246  30303 12 1102.000 1.500 10
246  30303 12 1125.100 1.573 15
246  30303 12 1163.375 1.608 20
  2  30303 12 1165.300 1.670 13
  2  30303 12 1175.075 1.543 17
  2  30303 12 1206.000 1.603 11
  2  30303 12 1729.100 1.590 17
  2  30303 12 1737.225 1.545 16
  2  30303 12 1779.050 1.592 10
  2  30303 12 1792.050 1.643 21
  2  30303 12 1802.100 1.689 22
  2  30303 12 1821.425 1.709 22
  2  30303 12 1844.975 1.699 29
246  30303 12 1861.175 1.640 10
  2  30303 12 1899.250 1.669 25
  2  30303 12 1905.225 1.629 18
  2  30303 12 3530.125 1.645 16
246  30303 12 3566.550 1.611 11
  2  30303 12 3596.750 1.625 20
  2  30303 13    4.425 1.612 18
  2  30303 13   76.900 1.553 26
  2  30303 13   95.350 1.565 16
  2  30303 13  102.175 1.577 22
  2  30303 13  125.850 1.751 26
246  30303 13  134.900 1.634 12
  2  30303 13  148.325 1.677 16
  2  30303 13  157.025 1.781 26
  2  30303 13  163.525 1.914 14
  2  30303 13  174.675 1.728 13
246  30303 13  181.825 1.724 14
  2  30303 13  197.225 1.839 13
  2  30303 13  222.600 1.711 22
  2  30303 13 3185.400 1.511 11
  2  30303 13 3221.675 1.592 14
  2  30303 13 3251.525 1.503 20
246  30303 13 3255.600 1.656 16
246  30303 13 3262.775 1.567 17
  2  30303 13 3266.600 1.553 20
  2  30303 13 3301.975 1.624 18
  2  30303 13 3313.500 1.590 15
246  30303 13 3321.050 1.597 17
  2  30303 13 3326.525 1.720 16
  2  30303 13 3339.850 1.521 21
  2  30303 13 3348.100 1.573 25
  2  30303 13 3357.375 1.837 21
  2  30303 13 3400.725 1.640 21
  2  30303 13 3410.425 1.644 20
  2  30303 14 2423.375 1.756 15
  2  30303 14 2538.650 1.735 19
  2  30303 14 2551.775 1.764 12
  2  30303 14 2591.175 1.675 18
  2  30303 14 2597.050 1.799 13
  2  30303 14 2612.200 1.731 21
246  30303 14 2634.625 1.728  9
  2  30303 14 2639.200 1.764 22
  2  30303 14 2644.375 1.776 21
  2  30303 14 2656.375 1.793 13
  2  30303 14 2667.125 1.805 14
  2  30303 14 2686.500 1.951 26
  2  30303 14 3475.850 1.930 10
  2  30303 15 1330.450 1.570 13
  2  30303 15 1840.675 1.665 13
  2  30303 15 1852.200 1.660 18
  2  30303 15 1889.975 1.742 17
  2  30303 15 1960.775 1.820 21
  2  30303 15 1989.425 1.800 15
  2  30303 15 2008.375 1.840 16
  2  30303 15 2019.925 1.733 14
  2  30303 15 2140.225 1.674 10
  2  30303 15 3439.225 1.720 11
  2  30303 16  239.125 1.699 14
  2  30303 16  954.900 1.740 20
  2  30303 16  961.200 1.831 16
  2  30303 16  975.100 1.775 16
  2  30303 16  986.800 1.693 13
  2  30303 16  998.775 1.755 13
  2  30303 16 1022.400 1.634 19
  2  30303 16 1041.200 1.685 14
  2  30303 16 1065.300 1.866 26
  2  30303 17   17.000 1.602 13
  2  30303 17   58.550 1.613 15
  2  30303 17  108.375 1.590 19
  2  30303 17  187.625 1.663  8
  2  30303 17  258.575 1.819 20
  2  30303 17  277.550 1.828 21
  2  30303 17  297.025 1.890 18
  2  30303 17  322.000 1.718 13
  2  30303 17  330.400 1.624 16
  2  30303 18  212.750 1.662  9
  2  30303 18  483.075 1.441 14
  2  30303 18  490.425 1.547 20
  2  30303 18 1906.375 1.800 20
  2  30303 18 1914.625 1.913 15
  2  30303 18 1931.500 1.831 11
  2  30303 18 1952.975 1.902 16
  2  30303 18 1990.575 1.691 12
  2  30303 18 2025.775 1.816 13
  2  30303 18 2050.425 1.731 11
  2  30303 18 2057.025 1.684 19
  2  30303 18 2066.075 1.790 10
  2  30303 18 2082.675 1.814 21
  2  30303 18 2116.025 1.734 16
  2  30303 19  494.050 1.617 12
  2  30303 19  546.275 1.656 15
246  30303 19  687.200 1.529 13
246  30303 19  700.275 1.641 13
  2  30303 19  756.725 1.696  9
  2  30303 20   57.100 1.714 13
  2  30303 20   73.925 1.654  6
  2  30303 20  125.675 1.685 15
  2  30303 20  152.425 1.657 18
  2  30303 20  175.800 1.739 14
  2  30303 20  192.575 1.707 23
  2  30303 20  202.375 1.697 24
  2  30303 20  210.425 1.888 18
  2  30303 20  228.625 1.715 10
  2  30303 20  236.850 1.828 24
  2  30303 20  268.675 1.687 16
  2  30303 20  286.600 1.656 19
  2  30303 20  303.100 1.782 18
  2  30303 20  313.375 1.646 14
  2  30303 20  343.775 1.645 17
  2  30303 20  413.550 1.677 16
  2  30303 20  515.025 1.680 10
  2  30303 20  532.900 1.629 12
  2  30303 20  554.625 1.632 14
  2  30303 20  570.125 1.752 23
246  30303 21  339.125 1.355 11
  2  30303 21 1190.650 1.555 18
  2  30303 21 3199.925 1.597 14
  2  30303 21 3213.900 1.592 13
246  30303 21 3269.875 1.602 14
  2  30303 21 3272.250 1.615 11
  2  30303 21 3290.450 1.684 13
  2  30303 21 3302.625 1.666 15
  2  30303 21 3338.600 1.659 15
  2  30303 21 3350.175 1.648 21
  2  30303 21 3361.500 1.800 21
246  30303 21 3393.200 1.772 11
  2  30303 21 3403.875 1.748 10
  2  30303 21 3420.475 1.920 12
  2  30303 21 3465.950 1.661 12
246  30303 21 3593.400 1.782 16
246  30303 22   18.475 1.698 17
  2  30303 22   34.050 1.635 23
  2  30303 22   54.575 1.731 24
246  30303 22   66.500 1.783 13
  2  30303 22   99.850 1.746 14
  2  30303 22  138.950 1.741 14
  2  30303 22  146.700 1.614 18
  2  30303 22  186.100 1.621 18
  2  30303 22  200.650 1.567 18
  2  30303 22  303.800 1.660 19
  2  30303 22  310.925 1.547 14
  2  30303 22  316.950 1.853 24
  2  30303 22  329.275 1.661 17
  2  30303 22  351.700 1.681 16
  2  30303 22  366.925 1.779 15
  2  30303 22  373.225 1.723 13
  2  30303 22  391.300 1.718 18
  2  30303 22  633.050 1.556 12
  2  30303 22 1394.150 1.512 17
  2  30303 22 1565.525 1.777 15
  2  30303 22 1601.950 1.777 19
  2  30303 22 1608.800 1.720 20
  2  30303 22 1623.325 1.597 14
  2  30303 22 1633.675 1.687 12
  2  30303 22 1642.150 1.770 17
  2  30303 22 1664.625 1.691 17
  2  30303 22 1675.100 1.587 14
246  30303 22 1738.400 1.671 24
  2  30303 22 1740.950 1.739 18
  2  30303 22 1941.225 1.587 22
  2  30303 22 1946.750 1.714 15
246  30303 22 1999.400 1.649 16
  2  30303 22 2004.450 1.790 14
  2  30303 22 2019.725 1.697 18
  2  30303 22 2070.425 1.727  7
  2  30303 22 2075.400 1.824 13
  2  30303 22 2085.500 1.766 26
  2  30303 22 2249.575 1.831  5
246  30303 22 2380.800 1.612 13
  2  30303 22 2427.150 1.751 19
246  30303 22 2722.025 1.817 12
  2  30303 22 2741.800 1.889 18
  2  30303 23  876.725 1.630 11
  2  30303 23  893.575 1.634 19
  2  30303 23  935.500 1.738 17
  2  30303 23  949.150 1.746 15
246  30303 23 2688.800 1.879 12
246  30303 23 3106.825 1.868 10
  2  30303 23 3298.175 1.897 12
  2  30303 23 3308.325 1.844 18
  2  30303 23 3319.400 1.813 19
  2  30303 23 3327.050 1.889 15
  2  30303 23 3336.200 1.946 24
  2  30303 23 3345.675 1.804 20
  2  30303 23 3357.575 1.753 20
  2  30303 23 3363.175 1.784 14
  2  30303 23 3372.650 1.793 13
  2  30303 23 3390.450 1.920 12
  2  30303 23 3398.175 1.841 14
  2  30303 23 3406.350 1.819 18
  2  30303 23 3412.600 1.869 15
  2  30303 23 3430.525 1.840 19
  2  30303 23 3459.100 1.766 14
  2  30303 23 3471.075 1.979 27
  2  30303 24  286.450 1.977 14
246  30303 24 1983.475 1.823 10
  2  30303 24 2039.450 1.754 11
  2  30303 24 2059.775 1.683 11
246  30303 24 2069.775 1.865  9
  2  30303 24 2083.050 1.868 13
  2  30303 24 2088.375 1.798 19
  2  30303 24 2093.875 1.881 16
  2  30303 24 2100.575 1.911 16
  2  30303 24 2107.750 1.829 18
  2  30303 24 2111.875 1.894 11
  2  30303 24 2121.375 1.877 18
  2  30303 24 2136.450 1.770 16
  2  30303 24 2147.650 1.836 12
  2  30303 24 2259.925 1.727 15
  2  30303 24 2270.550 2.038 29
  2  30303 24 2283.725 1.793 19
