  2  50914  1 2717.575 1.621  9
246  50914  1 2762.375 1.676 11
246  50914  1 2789.350 1.720  9
  2  50914  1 2824.950 1.728 14
  2  50914  1 2834.325 1.818 13
  2  50914  1 2842.500 1.884  5
  2  50914  3 2402.425 1.603 13
246  50914  3 3018.075 1.575  8
246  50914  9 3514.600 1.607  9
  2  50914 11 3335.475 1.708  9
  2  50914 12  885.700 1.534 11
246  50914 12 2024.000 1.577  9
  2  50914 13 3052.750 1.521 13
  2  50914 17  750.325 1.723  9
246  50914 20 1110.875 1.758  5
  2  50914 20 1152.050 1.884 10
  2  50914 24 1740.075 1.903  7
