  2  40715  1  930.850 1.765 15
  2  40715  1 1015.825 1.798 14
  2  40715  1 1022.175 1.701 14
  2  40715  1 1030.425 1.955 21
  2  40715  1 1046.175 1.852  9
  2  40715  1 1055.350 1.705 14
  2  40715  1 1064.100 1.778 17
  2  40715  1 1352.350 1.738 16
  2  40715  1 1370.125 1.855 12
  2  40715  1 1384.075 1.742 14
  2  40715  1 1529.750 1.801 23
  2  40715  1 1534.350 1.701 12
  2  40715  2 1719.875 1.758 12
  2  40715  2 1761.800 1.916 18
246  40715  2 1779.425 1.786 15
  2  40715  2 1792.350 1.822 15
  2  40715  2 1801.025 1.763 10
  2  40715  2 1813.700 1.795 19
  2  40715  2 1821.775 1.768 19
  2  40715  2 1838.825 1.897 20
  2  40715  2 1852.650 1.880 16
246  40715  2 1854.650 1.898 13
  2  40715  2 1859.275 1.931 16
246  40715  2 1863.250 1.904 12
  2  40715  2 1882.650 1.786 13
  2  40715  2 1891.150 1.847  8
  2  40715  2 1896.425 1.891 10
  2  40715  2 1905.200 1.844 10
  2  40715  2 1914.950 1.866 13
  2  40715  2 1929.025 1.818 13
  2  40715  2 1943.300 1.861 13
246  40715  2 1966.250 1.741 11
  2  40715  2 1986.425 1.883 13
  2  40715  2 2015.050 1.888 18
  2  40715  3 1042.850 1.799 14
246  40715  3 1074.525 1.697 12
  2  40715  3 1084.625 1.684 12
246  40715  3 1089.450 1.738 10
  2  40715  3 1100.500 1.630  9
  2  40715  3 1117.750 1.739 15
  2  40715  3 1136.725 1.785 14
  2  40715  3 1144.875 1.829 19
  2  40715  3 1153.025 1.804 25
  2  40715  3 1164.175 1.678 19
246  40715  3 1170.125 1.728 12
  2  40715  3 1173.425 1.690 10
  2  40715  3 1204.425 1.901 20
  2  40715  3 1211.350 1.847 13
  2  40715  3 1258.125 1.937 11
  2  40715  3 1298.125 1.929 12
  2  40715  3 1303.225 1.740 17
  2  40715  3 1595.175 1.704 10
  2  40715  4 2867.925 1.573 16
  2  40715  4 2913.100 1.581 15
246  40715  4 2916.825 1.657 13
  2  40715  4 2928.450 1.590 14
  2  40715  4 2932.575 1.599 16
  2  40715  4 3079.975 1.800 17
  2  40715  4 3111.550 1.790 21
  2  40715  4 3125.675 1.645 15
246  40715  4 3146.675 1.775 18
  2  40715  4 3148.600 1.701 18
  2  40715  4 3158.825 1.780 19
  2  40715  4 3173.750 1.920 12
  2  40715  4 3180.125 1.673 12
  2  40715  4 3195.850 1.706 17
  2  40715  4 3201.175 1.660 14
  2  40715  4 3216.425 1.767 13
  2  40715  4 3232.400 1.693 13
  2  40715  4 3268.000 1.697 15
  2  40715  4 3272.700 1.733 18
  2  40715  4 3286.925 1.795 26
  2  40715  4 3306.575 1.766 19
  2  40715  4 3344.350 1.769 11
  2  40715  4 3348.450 1.692 22
  2  40715  4 3353.275 1.649 18
  2  40715  4 3402.475 1.749 11
  2  40715  4 3473.800 1.651 15
  2  40715  5 1671.650 1.476 14
246  40715  5 2025.525 1.616 12
  2  40715  6  422.400 1.774  6
  2  40715  6 1926.950 1.752 17
  2  40715  6 1966.300 1.665 17
  2  40715  6 1975.400 1.690 14
  2  40715  6 1986.775 1.637 10
246  40715  6 2086.250 1.633 12
246  40715  6 2091.675 1.720  8
  2  40715  6 2101.525 1.580 13
  2  40715  6 2122.825 1.631 12
  2  40715  6 2134.675 1.706 16
  2  40715  6 2156.075 1.683 14
  2  40715  6 2198.425 1.585 12
  2  40715  6 2221.175 1.521  8
  2  40715  6 2241.350 1.463 17
  2  40715  6 2246.975 1.568 18
  2  40715  6 2259.900 1.496 14
  2  40715  6 2272.900 1.570 13
  2  40715  6 2308.625 1.515  8
  2  40715  7  302.150 1.667 16
  2  40715  7 2524.825 1.740 15
  2  40715  7 2543.025 1.675 16
  2  40715  7 2733.625 1.521 14
  2  40715  8  117.025 1.710 10
  2  40715  8  122.200 1.774 14
  2  40715  8  134.275 1.742 17
  2  40715  8  147.300 1.662 16
  2  40715  8  170.675 1.688 20
  2  40715  8  185.675 1.684 22
  2  40715  8  202.300 1.879 20
  2  40715  8  224.200 1.690 12
  2  40715  8  228.825 1.687 22
246  40715  8  239.875 1.684  8
  2  40715  8  256.350 1.954 30
  2  40715  8  275.900 1.903 22
  2  40715  8  282.075 2.069 18
  2  40715  8  294.500 1.727 14
  2  40715  8  310.150 1.869 16
  2  40715  8  405.300 1.870 18
  2  40715  8  421.925 1.833 19
  2  40715  8  466.975 1.659 10
  2  40715  8  658.775 1.805 10
  2  40715  8  700.850 1.726  9
  2  40715  8  799.900 1.589 14
  2  40715  8 1311.800 1.815 14
  2  40715  8 2206.575 1.652  6
  2  40715  8 2229.450 1.606 15
  2  40715  8 2265.800 1.558 11
  2  40715  8 2272.425 1.671 14
  2  40715  8 2290.775 1.662  9
  2  40715  8 2299.250 1.453  7
  2  40715  8 2316.225 1.646 17
  2  40715  8 2342.000 1.660 13
  2  40715  8 2427.500 1.602  9
  2  40715  8 2432.800 1.542 12
  2  40715  8 2685.175 1.504 13
  2  40715  8 2700.225 1.662 18
246  40715  8 2714.325 1.586 14
246  40715  8 3097.525 1.577 14
  2  40715  8 3103.875 1.656 15
  2  40715  8 3125.525 1.702 18
  2  40715  8 3136.375 1.627 12
  2  40715  9 2111.475 1.883 13
  2  40715  9 2120.375 1.945 11
  2  40715  9 2353.225 1.827 14
  2  40715  9 2440.550 1.716 13
246  40715  9 2446.800 1.726 11
  2  40715  9 2448.775 1.914 12
  2  40715  9 2460.375 1.826 17
  2  40715  9 2473.625 1.882 19
  2  40715  9 2486.675 1.780 13
  2  40715  9 2494.225 1.825 19
  2  40715  9 2500.025 1.885 13
  2  40715  9 2518.800 1.992 20
  2  40715  9 2525.650 1.852 19
  2  40715  9 2532.775 1.948 17
  2  40715  9 2540.400 1.900 18
  2  40715  9 2546.475 2.021 14
  2  40715  9 2557.175 1.960 21
  2  40715  9 2581.125 1.967 15
  2  40715  9 2615.950 1.851 10
  2  40715  9 2694.750 1.835 13
  2  40715  9 2700.675 1.759 15
  2  40715  9 2707.500 1.846 19
  2  40715  9 2713.325 1.832 15
  2  40715 11 1798.350 1.738  7
  2  40715 11 1832.075 1.891 13
  2  40715 11 1842.100 1.954 14
  2  40715 11 1848.875 1.843 13
  2  40715 11 1854.425 1.880 15
  2  40715 11 1875.850 1.882 12
  2  40715 11 1888.200 1.902 23
  2  40715 11 1894.425 1.886 17
246  40715 11 1896.425 1.852  7
  2  40715 11 1913.425 1.792 12
  2  40715 11 1927.950 1.817 15
  2  40715 11 1950.275 1.620 16
  2  40715 11 1966.775 1.670 12
  2  40715 11 1991.700 1.771 20
  2  40715 11 2012.800 1.615 19
  2  40715 11 2021.875 1.614 16
  2  40715 11 2029.175 1.642 17
  2  40715 11 2052.700 1.919 26
  2  40715 11 2076.625 1.649 10
  2  40715 11 2081.975 1.696 11
  2  40715 11 2105.850 1.650 19
  2  40715 11 2218.975 1.594 11
  2  40715 11 2251.125 1.711 10
  2  40715 11 2334.300 1.548 11
  2  40715 11 2511.250 1.637 12
  2  40715 11 3287.175 1.710 13
  2  40715 11 3361.625 1.586 19
  2  40715 11 3378.075 1.799 19
  2  40715 11 3384.325 1.621 16
  2  40715 11 3414.350 1.724 13
  2  40715 11 3422.875 1.654 14
  2  40715 11 3427.925 1.622  9
  2  40715 11 3447.975 1.740 21
  2  40715 11 3454.350 1.688 13
  2  40715 11 3465.925 1.708 18
246  40715 11 3483.325 1.760  7
  2  40715 11 3504.000 1.791 18
  2  40715 11 3514.575 1.683 13
  2  40715 11 3519.100 1.809 27
  2  40715 11 3532.150 1.955 19
  2  40715 11 3571.800 1.659  8
246  40715 12 3549.875 1.906  9
  2  40715 12 3577.675 1.670 13
  2  40715 13   18.300 1.717 12
  2  40715 13   62.500 1.741 10
  2  40715 13  107.700 1.912 12
  2  40715 13  161.775 2.161 10
  2  40715 13  177.125 1.766 16
  2  40715 13  184.725 1.830 17
  2  40715 13  194.100 1.916 16
  2  40715 13  202.700 1.924 12
  2  40715 13  240.375 1.857 12
  2  40715 13  251.275 2.202 11
  2  40715 13  300.050 1.773 19
  2  40715 13  316.150 1.936 11
  2  40715 13  322.000 1.831 21
  2  40715 13  328.400 1.698 15
  2  40715 13  342.250 1.859 19
246  40715 13  346.525 1.681 12
  2  40715 13  397.250 1.648 16
  2  40715 13 1533.950 1.869 14
  2  40715 13 2681.925 2.010 13
  2  40715 13 2734.175 1.847 13
  2  40715 13 2739.400 1.866 14
  2  40715 13 2749.350 1.908 12
  2  40715 13 2756.725 1.799 21
246  40715 13 2760.975 1.867  5
  2  40715 13 2772.875 1.974 18
  2  40715 13 2777.625 1.833 12
  2  40715 13 2786.175 1.973 18
  2  40715 13 2801.675 1.869 20
  2  40715 13 2813.000 1.821 21
  2  40715 13 2960.150 1.944 10
  2  40715 13 2972.725 1.961 23
  2  40715 13 3011.400 1.880 20
  2  40715 13 3055.525 1.896 21
  2  40715 16 1952.825 1.754 13
  2  40715 18 3390.550 1.712  9
  2  40715 20 1283.300 1.571  9
  2  40715 20 1426.575 1.604 14
  2  40715 20 1677.550 1.664 11
  2  40715 20 1769.450 1.749 14
  2  40715 20 1796.325 1.762  7
  2  40715 20 1807.375 1.764 11
  2  40715 20 1841.625 1.733 11
  2  40715 20 1855.925 1.978 15
  2  40715 20 1871.025 1.849 11
246  40715 20 1905.950 1.743 13
  2  40715 20 1913.000 1.706 12
  2  40715 20 1949.125 1.703 15
246  40715 20 1953.375 1.799  8
  2  40715 20 1964.900 1.832 14
  2  40715 20 2039.300 1.724 19
  2  40715 20 2049.375 1.792 10
  2  40715 20 2108.350 1.663 11
  2  40715 20 2116.525 1.770 15
246  40715 22 1748.750 1.717  8
  2  40715 22 1803.325 1.919 14
  2  40715 22 1825.400 1.793  8
  2  40715 22 1842.700 1.679 15
  2  40715 22 1852.300 1.786 10
  2  40715 22 1866.650 1.733 12
  2  40715 22 1900.600 1.606 14
  2  40715 22 1910.525 1.642 16
246  40715 22 1912.850 1.707 16
  2  40715 22 1926.550 1.627 13
  2  40715 22 1937.425 1.667 16
  2  40715 22 1944.250 1.802 18
  2  40715 22 1959.500 1.544 16
  2  40715 22 1966.400 1.633 18
  2  40715 22 1980.850 1.655 16
  2  40715 22 1992.450 1.641 20
  2  40715 22 2000.800 1.779 22
  2  40715 22 2007.150 1.925 24
  2  40715 22 2012.375 1.864 14
  2  40715 22 2016.650 1.808 13
  2  40715 22 2033.950 1.782 12
  2  40715 22 2042.200 1.646 13
  2  40715 22 2054.550 1.777 16
  2  40715 22 2066.725 1.657 18
  2  40715 22 2076.550 1.693 17
  2  40715 22 2081.750 1.653 11
  2  40715 22 2089.950 1.541 16
  2  40715 22 2100.050 1.746 19
  2  40715 22 2120.175 1.748 20
  2  40715 22 2124.700 1.598 15
  2  40715 22 2138.975 1.681 15
  2  40715 22 2155.950 1.800 16
  2  40715 22 2199.525 1.696 15
  2  40715 22 2218.425 1.750 17
  2  40715 22 2255.625 1.722 13
  2  40715 22 2287.500 1.793 10
  2  40715 22 2327.800 1.635 13
  2  40715 22 2344.000 1.835 20
  2  40715 22 2351.575 1.666 17
  2  40715 22 2359.475 1.753 20
  2  40715 22 2411.975 1.743  9
246  40715 22 2438.900 1.743  7
  2  40715 22 2442.450 1.614 12
246  40715 22 2755.750 1.818 14
  2  40715 22 2808.700 1.826 12
  2  40715 22 2880.000 1.694 12
  2  40715 22 2905.100 1.689 20
  2  40715 22 2991.275 1.717 16
  2  40715 22 3008.700 1.855 13
246  40715 22 3015.400 1.903 11
  2  40715 22 3018.250 1.771 19
246  40715 22 3022.325 1.740 16
  2  40715 22 3028.600 1.860 11
  2  40715 22 3038.650 1.782 12
  2  40715 22 3048.575 1.846 10
  2  40715 22 3055.950 1.914 22
  2  40715 22 3158.975 1.795 11
  2  40715 22 3176.900 1.869 10
  2  40715 22 3186.700 1.791 15
  2  40715 22 3219.100 1.680 10
  2  40715 22 3229.500 1.628 12
  2  40715 22 3246.500 1.716 19
  2  40715 22 3589.725 1.870 10
  2  40715 23  145.300 1.825 13
246  40715 23  156.500 1.813 12
  2  40715 23  174.575 2.154 25
  2  40715 23  188.375 1.831 20
  2  40715 24  773.700 1.842  5
  2  40715 24  897.775 1.730 13
  2  40715 24  964.675 1.802 10
  2  40715 24 1032.200 1.799 14
  2  40715 24 1070.400 1.665 10
  2  40715 24 1098.475 1.732 12
  2  40715 24 1265.875 1.690 13
  2  40715 24 1642.100 1.935 20
  2  40715 24 1651.625 1.926 14
  2  40715 24 1657.400 1.857 22
  2  40715 24 1672.275 1.762  9
  2  40715 24 1681.725 1.851 27
  2  40715 24 1686.725 1.900 10
  2  40715 24 1693.050 1.808 17
  2  40715 24 1701.325 2.003 24
246  40715 24 1707.150 1.818 13
  2  40715 24 1715.500 1.827 13
  2  40715 24 1744.800 1.937 16
  2  40715 24 1974.525 1.886 20
  2  40715 24 1978.900 1.877  8
  2  40715 24 1988.350 1.799 11
  2  40715 24 1995.850 1.826 14
  2  40715 24 2013.925 1.759 12
  2  40715 24 2119.675 1.876 10
  2  40715 24 2173.225 1.997 15
  2  40715 24 2180.175 1.877 15
  2  40715 24 2245.550 1.935 11
  2  40715 24 2250.150 2.032 12
  2  40715 24 2287.250 2.076 20
  2  40715 24 2291.725 2.027 16
  2  40715 24 2328.550 1.953 11
