  2  50911  4 2740.975 1.604 10
  2  50911  4 3409.625 1.401 15
  2  50911  5   19.625 1.376 14
  2  50911  5  160.700 1.499 10
  2  50911  5  179.300 1.465 14
  2  50911  5  202.125 1.389 13
  2  50911  5  233.375 1.360 14
  2  50911  5  249.525 1.370 10
  2  50911  5  263.650 1.464 14
  2  50911  5  275.475 1.485 12
  2  50911  5  289.125 1.366 14
  2  50911  5  301.850 1.470 18
  2  50911  5  307.325 1.384 10
246  50911  5  355.575 1.522 15
246  50911  5  659.200 1.528 10
  2  50911  5  727.750 1.429  7
  2  50911  5  761.425 1.487 12
  2  50911  5  801.975 1.482 14
  2  50911  5 1013.950 1.527 13
  2  50911  5 1057.125 1.570 12
  2  50911  5 1211.975 1.407 11
  2  50911  5 1226.850 1.511 11
  2  50911  5 1384.225 1.579 15
  2  50911  5 1438.600 1.475 15
246  50911  5 1453.725 1.455 10
  2  50911  5 1578.475 1.419 12
  2  50911  5 1603.525 1.587 11
  2  50911  5 1776.225 1.516 14
  2  50911  5 1799.675 1.596 15
  2  50911  5 1845.875 1.546 14
  2  50911  5 2081.925 1.647 12
246  50911  5 2782.225 1.434  9
  2  50911  5 3105.425 1.644 13
  2  50911  5 3120.075 1.606 14
246  50911  5 3122.775 1.603 10
  2  50911  5 3136.325 1.637 23
  2  50911  5 3170.000 1.626 12
  2  50911  6   86.025 1.605 13
  2  50911  6   93.725 1.617  9
  2  50911  6  104.250 1.690 20
  2  50911  6  160.550 1.487 13
  2  50911  6  164.825 1.522  9
  2  50911  6  273.975 1.685 10
  2  50911  6  312.200 1.760 11
  2  50911  6 1371.600 1.635 19
  2  50911  6 1380.800 1.659 10
  2  50911  6 1392.450 1.583  9
  2  50911  6 2111.250 1.765 24
  2  50911  6 2120.850 1.600 13
  2  50911  6 3121.975 1.428 12
  2  50911  6 3150.250 1.472 15
  2  50911  6 3193.750 1.517 14
  2  50911  6 3199.300 1.486  9
  2  50911  6 3207.125 1.581 21
  2  50911  6 3218.950 1.677 12
  2  50911  6 3230.000 1.611 16
  2  50911  6 3254.600 1.550  9
  2  50911  6 3272.225 1.627 12
246  50911  6 3280.925 1.525  9
  2  50911  6 3294.875 1.565 12
  2  50911  6 3307.950 1.659 10
  2  50911  6 3327.725 1.509 19
  2  50911  6 3364.950 1.445 15
  2  50911  7   75.875 1.665 14
  2  50911  7  115.025 1.647 12
  2  50911  7  130.825 1.643 15
  2  50911  7  139.250 1.725 20
  2  50911  7  241.425 1.707 14
  2  50911  7  386.450 1.804  9
  2  50911  7  678.500 1.639 16
  2  50911  7  933.625 1.760 12
  2  50911  7  956.700 1.838  9
246  50911  7 1864.375 1.717  8
  2  50911  7 2142.400 1.534 18
  2  50911  7 2152.250 1.592 13
  2  50911  7 2165.850 1.487 11
  2  50911  7 2182.350 1.512 12
246  50911  7 2766.250 1.456  7
  2  50911  7 2812.775 1.590 23
  2  50911  7 2826.400 1.695 15
  2  50911  7 2847.125 1.461 13
  2  50911  7 2886.975 1.487 15
  2  50911  7 2911.950 1.785 26
  2  50911  7 2927.350 1.619 15
246  50911  7 3002.700 1.569  9
  2  50911  8  296.175 1.364 13
  2  50911  8  311.000 1.340  9
  2  50911  8  409.550 1.240  7
246  50911  8  426.375 1.453 14
  2  50911  8  434.200 1.446 10
  2  50911  8  463.600 1.327 15
  2  50911  8  560.500 1.386 15
  2  50911  8  982.925 1.450 10
  2  50911  8 2289.900 1.362 10
  2  50911  8 2320.925 1.468 10
  2  50911  8 2346.825 1.543 16
  2  50911  8 2351.825 1.410 12
  2  50911  8 2357.475 1.559  8
  2  50911  8 2371.800 1.462 15
  2  50911  8 2393.300 1.559  9
  2  50911  8 2404.000 1.629 13
  2  50911  8 2426.575 1.596 19
  2  50911  8 2433.375 1.620 22
246  50911  8 2446.575 1.713 14
  2  50911  8 2451.550 1.750 14
  2  50911  8 2460.475 1.657 18
  2  50911  8 2482.925 1.524 15
  2  50911  8 2529.850 1.568 11
  2  50911  8 2605.825 1.451 12
  2  50911  8 2611.600 1.494 14
  2  50911  8 2632.900 1.546 10
  2  50911  8 2680.975 1.445 14
  2  50911  9  538.375 1.667  8
246  50911  9 1541.250 1.377  7
  2  50911  9 1638.600 1.383 13
  2  50911  9 1771.800 1.392 13
  2  50911  9 1819.625 1.441 11
  2  50911  9 1857.900 1.491 16
  2  50911  9 1880.950 1.675  8
  2  50911  9 1908.225 1.558 16
  2  50911  9 1925.775 1.518  8
  2  50911  9 1989.450 1.660 17
  2  50911  9 2002.100 1.560 14
246  50911  9 2007.025 1.451 10
  2  50911  9 2021.650 1.774  8
  2  50911  9 2062.000 1.626 16
  2  50911  9 2083.250 1.665  9
  2  50911  9 2105.525 1.617 15
  2  50911  9 2116.825 1.492 11
  2  50911  9 2264.525 1.640 15
  2  50911  9 2628.375 1.419  9
  2  50911  9 2741.800 1.437 13
  2  50911  9 2759.850 1.688 12
246  50911 10  192.325 1.532 10
246  50911 10 2185.600 1.420 13
  2  50911 10 2286.500 1.630 12
  2  50911 10 2307.525 1.466 15
  2  50911 10 2340.800 1.463 13
  2  50911 10 2349.650 1.534 16
  2  50911 10 2365.450 1.495 11
  2  50911 10 2424.200 1.427 15
  2  50911 10 2459.825 1.458 20
  2  50911 10 2477.625 1.279 12
  2  50911 10 2485.450 1.322 15
  2  50911 10 2540.400 1.420 12
  2  50911 10 3180.450 1.591 18
  2  50911 10 3213.125 1.458 23
  2  50911 10 3226.200 1.330 20
  2  50911 10 3240.075 1.343 16
  2  50911 10 3257.725 1.376 23
  2  50911 10 3265.725 1.348 19
  2  50911 10 3291.225 1.450 10
  2  50911 10 3301.725 1.348 17
  2  50911 10 3310.175 1.530 19
  2  50911 10 3316.800 1.506 18
246  50911 10 3321.275 1.464 10
  2  50911 10 3323.475 1.468 15
  2  50911 10 3337.525 1.433 12
  2  50911 10 3341.700 1.414 20
  2  50911 10 3349.500 1.435  9
  2  50911 10 3358.550 1.278 18
  2  50911 10 3370.600 1.444  6
  2  50911 10 3376.850 1.418 19
  2  50911 10 3385.550 1.554 26
  2  50911 10 3407.650 1.623 19
  2  50911 10 3421.525 1.458 14
  2  50911 10 3450.225 1.560 22
  2  50911 10 3457.025 1.503 14
  2  50911 11 1453.900 1.660 17
  2  50911 11 1460.275 1.578 17
  2  50911 11 1487.475 1.455 12
  2  50911 11 1520.800 1.446  8
246  50911 14 2372.100 1.538  9
  2  50911 14 2556.075 1.567 13
  2  50911 14 2563.025 1.790 14
  2  50911 14 2567.950 1.564  7
  2  50911 14 2627.875 1.535 15
  2  50911 14 2688.325 1.562 11
  2  50911 14 2732.250 1.612 23
  2  50911 14 2744.825 1.558 11
  2  50911 14 2764.350 1.655 14
  2  50911 14 2792.375 1.580 16
  2  50911 14 2847.950 1.674 18
  2  50911 14 2853.950 1.734 23
  2  50911 14 2903.825 1.403 12
  2  50911 14 2913.050 1.603 18
  2  50911 14 2925.800 1.746 20
  2  50911 14 2947.325 1.624 11
  2  50911 14 2958.050 1.859 24
  2  50911 14 2972.650 1.532 16
246  50911 14 2987.150 1.522 13
  2  50911 14 2990.000 1.574 10
  2  50911 14 3007.975 1.584 12
  2  50911 14 3022.900 1.639 16
  2  50911 14 3031.075 1.502 10
246  50911 14 3040.100 1.680 18
  2  50911 14 3045.125 1.658 20
246  50911 14 3052.100 1.645 11
  2  50911 14 3054.975 1.681 16
  2  50911 14 3059.450 1.570 12
  2  50911 14 3073.600 1.736 16
  2  50911 14 3111.575 1.614 10
  2  50911 14 3135.650 1.546  8
  2  50911 14 3151.950 1.501 12
  2  50911 14 3166.200 1.559 10
  2  50911 14 3180.850 1.507 14
  2  50911 14 3196.650 1.545 15
  2  50911 14 3209.450 1.460 11
  2  50911 14 3218.925 1.603 11
  2  50911 14 3228.675 1.421 10
  2  50911 14 3258.900 1.523 13
  2  50911 15  345.600 1.445  9
  2  50911 15  454.900 1.526 13
  2  50911 16  346.550 1.597 17
  2  50911 16  446.550 1.656 17
  2  50911 16  460.750 1.608 18
  2  50911 16  516.950 1.628  9
  2  50911 16  527.625 1.596 14
  2  50911 16  590.850 1.732 24
  2  50911 16  628.425 1.714 20
  2  50911 16  653.400 1.619 16
  2  50911 16  658.025 1.672 18
  2  50911 16  682.025 1.642  7
  2  50911 16  689.950 1.719 12
  2  50911 16  704.700 1.671 11
  2  50911 16  745.750 1.603 20
  2  50911 16 1130.700 1.754  9
  2  50911 16 1153.625 1.677 10
  2  50911 16 1252.700 1.795 10
  2  50911 16 1737.750 1.809  7
246  50911 16 1858.600 1.671 14
  2  50911 16 1864.025 1.721 13
  2  50911 16 1893.350 1.669 18
  2  50911 17  724.775 1.793 12
  2  50911 18 1081.800 1.721 12
246  50911 18 1162.100 1.681 14
  2  50911 18 1225.775 1.730 11
  2  50911 18 1331.400 1.802 14
  2  50911 18 1547.450 1.688 13
  2  50911 18 1638.000 1.713 10
  2  50911 18 1743.450 1.916  9
  2  50911 18 1750.850 1.830 13
  2  50911 19 1238.000 1.860 18
  2  50911 19 1248.500 1.819 13
  2  50911 19 1270.400 1.727 12
  2  50911 19 1283.775 1.837 15
  2  50911 19 1515.900 1.775 16
  2  50911 19 1535.300 1.849 14
  2  50911 19 1540.050 1.853 17
246  50911 19 1630.900 1.790 11
  2  50911 20  309.525 1.882  6
  2  50911 20  423.875 1.815 10
  2  50911 20  442.200 1.841 14
  2  50911 20  480.650 1.854 13
  2  50911 20  550.350 1.751 11
  2  50911 20  579.725 1.901  6
  2  50911 20  589.250 1.767  9
  2  50911 20  611.825 1.870 13
  2  50911 20  665.000 1.779 17
  2  50911 20 3202.775 1.783  7
  2  50911 21 1526.900 1.579 12
  2  50911 21 1534.650 1.757 12
  2  50911 21 1548.550 1.795  9
  2  50911 21 1559.600 1.694 12
246  50911 21 1564.500 1.721 12
  2  50911 21 1569.600 1.592 10
  2  50911 21 1580.825 1.748 10
  2  50911 21 1590.525 1.746 11
  2  50911 21 1600.350 1.674 12
246  50911 21 1607.550 1.761 16
  2  50911 21 1613.650 1.757 14
  2  50911 21 1628.175 1.770 15
246  50911 21 1642.600 1.709 13
  2  50911 21 1647.275 1.872  9
  2  50911 21 1658.900 1.785 10
  2  50911 21 1670.875 1.794 14
  2  50911 21 1694.750 1.728 16
  2  50911 21 1726.850 1.527 12
  2  50911 21 1736.250 1.743 20
  2  50911 21 1741.350 1.688 15
  2  50911 21 1748.875 1.725 19
  2  50911 21 1757.350 1.755 11
  2  50911 21 1773.700 1.791 11
  2  50911 23  644.325 1.566 12
  2  50911 23  730.175 1.781 12
  2  50911 23  745.725 1.802 16
  2  50911 23  788.100 1.710 14
  2  50911 23  839.175 1.808 27
  2  50911 23  853.000 1.565 18
  2  50911 23  882.800 1.619 23
  2  50911 23  895.700 1.767 10
246  50911 23  917.400 1.680 14
  2  50911 23  922.100 1.781 16
  2  50911 23  940.400 1.622 14
  2  50911 23  949.000 1.623 15
  2  50911 23  953.750 1.830 17
  2  50911 23  976.625 1.637 15
  2  50911 23  983.100 1.755 15
  2  50911 23 1057.600 1.686 16
  2  50911 23 1137.850 1.912 22
  2  50911 23 1143.800 1.838 18
  2  50911 23 1289.600 1.770 10
  2  50911 23 1300.775 1.682  7
246  50911 23 1346.450 1.817  6
  2  50911 23 1386.350 1.707  8
  2  50911 23 1413.875 1.774 10
  2  50911 23 1481.150 1.660 13
  2  50911 23 1488.025 1.687 10
  2  50911 23 1796.550 1.628 12
  2  50911 23 1815.275 1.741 14
  2  50911 23 1833.750 1.664 16
  2  50911 23 3505.600 1.792  8
  2  50911 24   75.625 1.721 11
  2  50911 24  112.475 1.640 16
  2  50911 24  135.800 1.787 22
  2  50911 24  145.150 1.862 14
  2  50911 24  153.300 1.725  9
  2  50911 24  159.600 1.722 13
  2  50911 24  171.275 1.787 17
  2  50911 24  186.675 1.682 16
  2  50911 24  213.100 1.745 12
