61.0 -4.0 48 29.74 123 25.96 40.49
61.0 -2.0 48 29.91 123 26.41 40.41
61.0 00.0 48 30.08 123 26.85 40.34
61.0 02.0 48 30.26 123 27.27 40.25
61.0 04.0 48 30.42 123 27.70 40.21
61.0 06.0 48 30.54 123 28.19 40.25
61.0 08.0 48 30.67 123 28.65 40.30
61.0 10.0 48 30.79 123 29.13 40.35
61.0 12.0 48 30.92 123 29.59 40.40
61.0 14.0 48 31.04 123 30.08 40.44
61.0 16.0 48 31.17 123 30.57 40.43
61.0 18.0 48 31.31 123 31.01 40.36
61.0 20.0 48 31.45 123 31.47 40.27
61.0 22.0 48 31.62 123 31.92 40.20
61.0 24.0 48 31.77 123 32.38 40.09
61.0 26.0 48 31.89 123 32.85 40.01
61.0 28.0 48 32.04 123 33.31 39.93
61.0 30.0 48 32.18 123 33.79 39.85
61.0 32.0 48 32.30 123 34.27 39.77
61.0 34.0 48 32.44 123 34.76 39.67
61.0 36.0 48 32.59 123 35.21 39.58
61.0 38.0 48 32.69 123 35.75 39.53
61.0 40.0 48 32.80 123 36.29 39.53
61.0 42.0 48 32.91 123 36.84 39.57
61.0 44.0 48 33.00 123 37.45 39.60
63.0 -4.0 48 29.36 123 26.21 40.26
63.0 -2.0 48 29.54 123 26.65 40.17
63.0 00.0 48 29.71 123 27.07 40.09
63.0 02.0 48 29.87 123 27.51 40.02
63.0 04.0 48 30.01 123 27.97 40.04
63.0 06.0 48 30.13 123 28.46 40.08
63.0 08.0 48 30.27 123 28.92 40.14
63.0 10.0 48 30.39 123 29.39 40.19
63.0 12.0 48 30.51 123 29.88 40.24
63.0 14.0 48 30.64 123 30.34 40.24
63.0 16.0 48 30.80 123 30.80 40.21
63.0 18.0 48 30.93 123 31.27 40.14
63.0 20.0 48 31.09 123 31.72 40.05
63.0 22.0 48 31.24 123 32.16 39.97
63.0 24.0 48 31.39 123 32.64 39.88
63.0 26.0 48 31.52 123 33.10 39.79
63.0 28.0 48 31.65 123 33.58 39.72
63.0 30.0 48 31.80 123 34.05 39.63
63.0 32.0 48 31.93 123 34.51 39.54
63.0 34.0 48 32.07 123 35.00 39.46
63.0 36.0 48 32.19 123 35.51 39.37
63.0 38.0 48 32.31 123 36.01 39.34
63.0 40.0 48 32.41 123 36.58 39.37
63.0 42.0 48 32.51 123 37.13 39.41
63.0 44.0 48 32.61 123 37.72 39.45
65.0 -4.0 48 28.96 123 26.46 40.03
65.0 -2.0 48 29.13 123 26.90 39.94
65.0 00.0 48 29.31 123 27.35 39.86
65.0 02.0 48 29.47 123 27.77 39.84
65.0 04.0 48 29.61 123 28.23 39.89
65.0 06.0 48 29.74 123 28.72 39.93
65.0 08.0 48 29.86 123 29.19 39.98
65.0 10.0 48 29.98 123 29.66 40.02
65.0 12.0 48 30.11 123 30.12 40.06
65.0 14.0 48 30.24 123 30.62 40.04
65.0 16.0 48 30.41 123 31.06 39.96
65.0 18.0 48 30.57 123 31.51 39.88
65.0 20.0 48 30.69 123 31.98 39.80
65.0 22.0 48 30.84 123 32.45 39.72
65.0 24.0 48 31.00 123 32.90 39.65
65.0 26.0 48 31.13 123 33.38 39.55
65.0 28.0 48 31.26 123 33.84 39.48
65.0 30.0 48 31.41 123 34.31 39.39
65.0 32.0 48 31.55 123 34.77 39.32
65.0 34.0 48 31.68 123 35.28 39.23
65.0 36.0 48 31.80 123 35.78 39.17
65.0 38.0 48 31.92 123 36.32 39.18
65.0 40.0 48 32.01 123 36.88 39.22
65.0 42.0 48 32.09 123 37.47 39.26
65.0 44.0 48 32.19 123 38.07 39.28
67.0 -4.0 48 28.55 123 26.72 39.78
67.0 -2.0 48 28.73 123 27.17 39.70
67.0 00.0 48 28.91 123 27.60 39.63
67.0 02.0 48 29.05 123 28.07 39.68
67.0 04.0 48 29.16 123 28.54 39.73
67.0 06.0 48 29.31 123 28.99 39.78
67.0 08.0 48 29.45 123 29.46 39.82
67.0 10.0 48 29.56 123 29.95 39.87
67.0 12.0 48 29.70 123 30.41 39.86
67.0 14.0 48 29.86 123 30.87 39.82
67.0 16.0 48 29.99 123 31.36 39.74
67.0 18.0 48 30.16 123 31.77 39.66
67.0 20.0 48 30.31 123 32.22 39.58
67.0 22.0 48 30.47 123 32.68 39.48
67.0 24.0 48 30.61 123 33.16 39.41
67.0 26.0 48 30.74 123 33.65 39.34
67.0 28.0 48 30.89 123 34.10 39.25
67.0 30.0 48 31.01 123 34.59 39.16
67.0 32.0 48 31.17 123 35.07 39.08
67.0 34.0 48 31.29 123 35.55 39.01
67.0 36.0 48 31.40 123 36.07 38.98
67.0 38.0 48 31.51 123 36.62 39.02
67.0 40.0 48 31.61 123 37.17 39.06
67.0 42.0 48 31.70 123 37.79 39.10
67.0 44.0 48 31.80 123 38.36 39.13
69.0 -4.0 48 28.14 123 26.99 39.54
69.0 -2.0 48 28.31 123 27.43 39.47
69.0 00.0 48 28.48 123 27.88 39.46
69.0 02.0 48 28.62 123 28.33 39.51
69.0 04.0 48 28.74 123 28.82 39.56
69.0 06.0 48 28.89 123 29.28 39.61
69.0 08.0 48 29.00 123 29.77 39.66
69.0 10.0 48 29.15 123 30.23 39.68
69.0 12.0 48 29.30 123 30.69 39.66
69.0 14.0 48 29.45 123 31.14 39.58
69.0 16.0 48 29.61 123 31.61 39.50
69.0 18.0 48 29.75 123 32.06 39.42
69.0 20.0 48 29.92 123 32.51 39.34
69.0 22.0 48 30.05 123 32.97 39.24
69.0 24.0 48 30.21 123 33.43 39.17
69.0 26.0 48 30.33 123 33.91 39.10
69.0 28.0 48 30.49 123 34.38 39.01
69.0 30.0 48 30.63 123 34.84 38.93
69.0 32.0 48 30.75 123 35.35 38.86
69.0 34.0 48 30.88 123 35.85 38.80
69.0 36.0 48 30.99 123 36.37 38.82
69.0 38.0 48 31.07 123 36.98 38.85
69.0 40.0 48 31.17 123 37.54 38.89
69.0 42.0 48 31.28 123 38.08 38.93
69.0 44.0 48 31.39 123 38.67 38.91
71.0 -4.0 48 27.73 123 27.26 39.29
71.0 -2.0 48 27.88 123 27.71 39.24
71.0 00.0 48 28.04 123 28.17 39.30
71.0 02.0 48 28.18 123 28.62 39.34
71.0 04.0 48 28.31 123 29.11 39.39
71.0 06.0 48 28.44 123 29.56 39.45
71.0 08.0 48 28.57 123 30.05 39.48
71.0 10.0 48 28.72 123 30.52 39.48
71.0 12.0 48 28.86 123 31.01 39.42
71.0 14.0 48 29.03 123 31.44 39.34
71.0 16.0 48 29.19 123 31.88 39.26
71.0 18.0 48 29.35 123 32.33 39.19
71.0 20.0 48 29.52 123 32.80 39.09
71.0 22.0 48 29.66 123 33.24 39.02
71.0 24.0 48 29.81 123 33.72 38.93
71.0 26.0 48 29.95 123 34.18 38.86
71.0 28.0 48 30.08 123 34.66 38.78
71.0 30.0 48 30.22 123 35.16 38.69
71.0 32.0 48 30.33 123 35.65 38.64
71.0 34.0 48 30.46 123 36.16 38.62
71.0 36.0 48 30.55 123 36.73 38.66
71.0 38.0 48 30.65 123 37.31 38.69
71.0 40.0 48 30.74 123 37.88 38.73
71.0 42.0 48 30.85 123 38.45 38.76
71.0 44.0 48 30.96 123 38.99 38.67
73.0 -4.0 48 27.27 123 27.57 39.03
73.0 -2.0 48 27.43 123 28.01 39.07
73.0 00.0 48 27.59 123 28.46 39.12
73.0 02.0 48 27.72 123 28.94 39.17
73.0 04.0 48 27.86 123 29.41 39.22
73.0 06.0 48 28.00 123 29.86 39.28
73.0 08.0 48 28.15 123 30.35 39.28
73.0 10.0 48 28.29 123 30.81 39.25
73.0 12.0 48 28.45 123 31.27 39.17
73.0 14.0 48 28.61 123 31.72 39.09
73.0 16.0 48 28.77 123 32.17 39.01
73.0 18.0 48 28.94 123 32.61 38.94
73.0 20.0 48 29.09 123 33.07 38.84
73.0 22.0 48 29.25 123 33.53 38.78
73.0 24.0 48 29.36 123 34.05 38.71
73.0 26.0 48 29.53 123 34.47 38.62
73.0 28.0 48 29.67 123 34.97 38.53
73.0 30.0 48 29.81 123 35.44 38.45
73.0 32.0 48 29.94 123 35.97 38.42
73.0 34.0 48 30.02 123 36.49 38.44
73.0 36.0 48 30.13 123 37.06 38.48
73.0 38.0 48 30.21 123 37.63 38.52
73.0 40.0 48 30.30 123 38.23 38.55
73.0 42.0 48 30.40 123 38.81 38.51
73.0 44.0 48 30.52 123 39.34 38.44
75.0 -4.0 48 26.81 123 27.83 38.85
75.0 -2.0 48 26.97 123 28.29 38.90
75.0 00.0 48 27.11 123 28.76 38.95
75.0 02.0 48 27.25 123 29.24 39.00
75.0 04.0 48 27.40 123 29.70 39.05
75.0 06.0 48 27.52 123 30.19 39.08
75.0 08.0 48 27.68 123 30.66 39.06
75.0 10.0 48 27.85 123 31.10 38.99
75.0 12.0 48 28.02 123 31.57 38.91
75.0 14.0 48 28.20 123 32.00 38.85
75.0 16.0 48 28.35 123 32.47 38.78
75.0 18.0 48 28.48 123 32.94 38.69
75.0 20.0 48 28.66 123 33.38 38.61
75.0 22.0 48 28.82 123 33.83 38.54
75.0 24.0 48 28.96 123 34.32 38.46
75.0 26.0 48 29.11 123 34.78 38.36
75.0 28.0 48 29.24 123 35.27 38.28
75.0 30.0 48 29.39 123 35.76 38.25
75.0 32.0 48 29.48 123 36.29 38.24
75.0 34.0 48 29.57 123 36.87 38.28
75.0 36.0 48 29.66 123 37.42 38.31
75.0 38.0 48 29.77 123 37.99 38.35
75.0 40.0 48 29.87 123 38.57 38.35
75.0 42.0 48 30.01 123 39.09 38.27
75.0 44.0 48 30.12 123 39.63 38.15
77.0 -4.0 48 26.34 123 28.16 38.68
77.0 -2.0 48 26.48 123 28.61 38.73
77.0 00.0 48 26.62 123 29.08 38.78
77.0 02.0 48 26.78 123 29.53 38.84
77.0 04.0 48 26.92 123 30.01 38.87
77.0 06.0 48 27.04 123 30.53 38.87
77.0 08.0 48 27.23 123 30.94 38.82
77.0 10.0 48 27.39 123 31.42 38.75
77.0 12.0 48 27.60 123 31.85 38.64
77.0 14.0 48 27.75 123 32.31 38.59
77.0 16.0 48 27.91 123 32.75 38.52
77.0 18.0 48 28.05 123 33.25 38.42
77.0 20.0 48 28.21 123 33.70 38.36
77.0 22.0 48 28.35 123 34.17 38.29
77.0 24.0 48 28.52 123 34.62 38.21
77.0 26.0 48 28.67 123 35.09 38.13
77.0 28.0 48 28.82 123 35.57 38.07
77.0 30.0 48 28.93 123 36.09 38.04
77.0 32.0 48 29.01 123 36.66 38.08
77.0 34.0 48 29.12 123 37.21 38.11
77.0 36.0 48 29.21 123 37.79 38.15
77.0 38.0 48 29.29 123 38.40 38.17
77.0 40.0 48 29.42 123 38.92 38.11
77.0 42.0 48 29.55 123 39.47 38.01
77.0 44.0 48 29.67 123 40.02 37.92
79.0 -4.0 48 25.81 123 28.50 38.50
79.0 -2.0 48 25.97 123 28.96 38.55
79.0 00.0 48 26.11 123 29.43 38.61
79.0 02.0 48 26.27 123 29.89 38.65
79.0 04.0 48 26.42 123 30.37 38.66
79.0 06.0 48 26.61 123 30.80 38.62
79.0 08.0 48 26.77 123 31.28 38.55
79.0 10.0 48 26.94 123 31.74 38.46
79.0 12.0 48 27.12 123 32.16 38.40
79.0 14.0 48 27.30 123 32.63 38.33
79.0 16.0 48 27.46 123 33.08 38.24
79.0 18.0 48 27.61 123 33.53 38.18
79.0 20.0 48 27.77 123 34.00 38.10
79.0 22.0 48 27.91 123 34.49 38.02
79.0 24.0 48 28.08 123 34.95 37.95
79.0 26.0 48 28.22 123 35.41 37.87
79.0 28.0 48 28.36 123 35.91 37.84
79.0 30.0 48 28.46 123 36.47 37.86
79.0 32.0 48 28.53 123 37.04 37.89
79.0 34.0 48 28.64 123 37.61 37.93
79.0 36.0 48 28.72 123 38.19 37.97
79.0 38.0 48 28.85 123 38.75 37.93
79.0 40.0 48 28.94 123 39.31 37.85
79.0 42.0 48 29.09 123 39.82 37.74
79.0 44.0 48 29.21 123 40.38 37.68
81.0 -4.0 48 25.31 123 28.79 38.32
81.0 -2.0 48 25.46 123 29.26 38.38
81.0 00.0 48 25.59 123 29.77 38.42
81.0 02.0 48 25.77 123 30.21 38.45
81.0 04.0 48 25.93 123 30.69 38.43
81.0 06.0 48 26.11 123 31.13 38.36
81.0 08.0 48 26.28 123 31.61 38.28
81.0 10.0 48 26.48 123 32.04 38.22
81.0 12.0 48 26.65 123 32.50 38.14
81.0 14.0 48 26.81 123 32.94 38.07
81.0 16.0 48 26.99 123 33.42 37.98
81.0 18.0 48 27.15 123 33.86 37.92
81.0 20.0 48 27.31 123 34.33 37.84
81.0 22.0 48 27.47 123 34.79 37.77
81.0 24.0 48 27.62 123 35.26 37.66
81.0 26.0 48 27.76 123 35.78 37.64
81.0 28.0 48 27.88 123 36.29 37.64
81.0 30.0 48 27.94 123 36.89 37.69
81.0 32.0 48 28.06 123 37.42 37.71
81.0 34.0 48 28.14 123 38.00 37.74
81.0 36.0 48 28.26 123 38.54 37.74
81.0 38.0 48 28.37 123 39.11 37.67
81.0 40.0 48 28.49 123 39.66 37.57
81.0 42.0 48 28.63 123 40.18 37.47
81.0 44.0 48 28.74 123 40.76 37.38
83.0 -4.0 48 24.79 123 29.12 38.13
83.0 -2.0 48 24.92 123 29.61 38.19
83.0 00.0 48 25.06 123 30.11 38.24
83.0 02.0 48 25.26 123 30.56 38.23
83.0 04.0 48 25.42 123 31.04 38.16
83.0 06.0 48 25.62 123 31.49 38.08
83.0 08.0 48 25.82 123 31.94 38.00
83.0 10.0 48 25.98 123 32.38 37.95
83.0 12.0 48 26.16 123 32.86 37.87
83.0 14.0 48 26.34 123 33.30 37.80
83.0 16.0 48 26.48 123 33.78 37.74
83.0 18.0 48 26.68 123 34.23 37.65
83.0 20.0 48 26.84 123 34.68 37.56
83.0 22.0 48 26.98 123 35.16 37.48
83.0 24.0 48 27.11 123 35.67 37.43
83.0 26.0 48 27.26 123 36.17 37.43
83.0 28.0 48 27.34 123 36.73 37.46
83.0 30.0 48 27.44 123 37.30 37.49
83.0 32.0 48 27.55 123 37.83 37.53
83.0 34.0 48 27.62 123 38.45 37.56
83.0 36.0 48 27.76 123 38.96 37.47
83.0 38.0 48 27.89 123 39.49 37.38
83.0 40.0 48 28.01 123 40.03 37.29
83.0 42.0 48 28.13 123 40.62 37.17
83.0 44.0 48 28.26 123 41.16 37.09
85.0 -4.0 48 24.21 123 29.49 37.94
85.0 -2.0 48 24.35 123 29.97 38.00
85.0 00.0 48 24.52 123 30.45 37.99
85.0 02.0 48 24.71 123 30.93 37.97
85.0 04.0 48 24.91 123 31.35 37.88
85.0 06.0 48 25.10 123 31.82 37.82
85.0 08.0 48 25.29 123 32.28 37.74
85.0 10.0 48 25.46 123 32.75 37.68
85.0 12.0 48 25.68 123 33.18 37.60
85.0 14.0 48 25.83 123 33.65 37.52
85.0 16.0 48 26.00 123 34.13 37.43
85.0 18.0 48 26.15 123 34.62 37.37
85.0 20.0 48 26.32 123 35.07 37.29
85.0 22.0 48 26.51 123 35.49 37.22
85.0 24.0 48 26.60 123 36.07 37.20
85.0 26.0 48 26.73 123 36.56 37.24
85.0 28.0 48 26.85 123 37.10 37.26
85.0 30.0 48 26.93 123 37.70 37.31
85.0 32.0 48 27.01 123 38.27 37.34
85.0 34.0 48 27.12 123 38.85 37.26
85.0 36.0 48 27.26 123 39.36 37.19
85.0 38.0 48 27.38 123 39.94 37.11
85.0 40.0 48 27.55 123 40.43 36.99
85.0 42.0 48 27.64 123 41.03 36.89
85.0 44.0 48 27.78 123 41.54 36.78
87.0 -4.0 48 23.63 123 29.86 37.75
87.0 -2.0 48 23.79 123 30.33 37.77
87.0 00.0 48 23.98 123 30.81 37.74
87.0 02.0 48 24.18 123 31.26 37.67
87.0 04.0 48 24.37 123 31.72 37.58
87.0 06.0 48 24.59 123 32.18 37.52
87.0 08.0 48 24.79 123 32.61 37.46
87.0 10.0 48 24.97 123 33.07 37.39
87.0 12.0 48 25.12 123 33.57 37.32
87.0 14.0 48 25.31 123 34.02 37.23
87.0 16.0 48 25.47 123 34.52 37.17
87.0 18.0 48 25.67 123 34.94 37.09
87.0 20.0 48 25.79 123 35.45 37.03
87.0 22.0 48 25.99 123 35.89 36.99
87.0 24.0 48 26.09 123 36.44 37.01
87.0 26.0 48 26.16 123 37.06 37.05
87.0 28.0 48 26.26 123 37.58 37.07
87.0 30.0 48 26.38 123 38.15 37.10
87.0 32.0 48 26.50 123 38.70 37.08
87.0 34.0 48 26.61 123 39.25 36.98
87.0 36.0 48 26.78 123 39.75 36.88
87.0 38.0 48 26.89 123 40.32 36.80
87.0 40.0 48 27.00 123 40.88 36.70
87.0 42.0 48 27.14 123 41.42 36.59
87.0 44.0 48 27.24 123 42.04 36.46
89.0 -4.0 48 23.02 123 30.22 37.53
89.0 -2.0 48 23.21 123 30.70 37.52
89.0 00.0 48 23.43 123 31.16 37.45
89.0 02.0 48 23.59 123 31.65 37.39
89.0 04.0 48 23.82 123 32.08 37.32
89.0 06.0 48 24.02 123 32.56 37.24
89.0 08.0 48 24.24 123 32.99 37.17
89.0 10.0 48 24.43 123 33.46 37.09
89.0 12.0 48 24.62 123 33.92 37.03
89.0 14.0 48 24.82 123 34.37 36.95
89.0 16.0 48 24.98 123 34.87 36.88
89.0 18.0 48 25.10 123 35.38 36.81
89.0 20.0 48 25.26 123 35.88 36.77
89.0 22.0 48 25.40 123 36.38 36.77
89.0 24.0 48 25.49 123 36.94 36.80
89.0 26.0 48 25.63 123 37.45 36.83
89.0 28.0 48 25.69 123 38.06 36.87
89.0 30.0 48 25.82 123 38.58 36.86
89.0 32.0 48 25.95 123 39.14 36.78
89.0 34.0 48 26.09 123 39.66 36.69
89.0 36.0 48 26.23 123 40.20 36.59
89.0 38.0 48 26.36 123 40.77 36.47
89.0 40.0 48 26.52 123 41.27 36.36
89.0 42.0 48 26.58 123 41.94 36.29
89.0 44.0 48 26.73 123 42.51 36.17
91.0 -4.0 48 22.35 123 30.65 37.29
91.0 -2.0 48 22.63 123 31.07 37.22
91.0 00.0 48 22.85 123 31.53 37.15
91.0 02.0 48 23.05 123 32.02 37.07
91.0 04.0 48 23.22 123 32.49 37.02
91.0 06.0 48 23.47 123 32.92 36.93
91.0 08.0 48 23.67 123 33.40 36.86
91.0 10.0 48 23.86 123 33.85 36.80
91.0 12.0 48 24.04 123 34.31 36.73
91.0 14.0 48 24.25 123 34.74 36.64
91.0 16.0 48 24.44 123 35.24 36.54
91.0 18.0 48 24.53 123 35.80 36.53
91.0 20.0 48 24.68 123 36.28 36.53
91.0 22.0 48 24.81 123 36.85 36.56
91.0 24.0 48 24.93 123 37.36 36.59
91.0 26.0 48 25.03 123 37.93 36.63
91.0 28.0 48 25.11 123 38.54 36.63
91.0 30.0 48 25.22 123 39.11 36.56
91.0 32.0 48 25.40 123 39.59 36.46
91.0 34.0 48 25.58 123 40.06 36.36
91.0 36.0 48 25.68 123 40.68 36.26
91.0 38.0 48 25.83 123 41.22 36.17
91.0 40.0 48 25.94 123 41.77 36.06
91.0 42.0 48 26.04 123 42.41 35.94
91.0 44.0 48 26.19 123 42.95 35.83
93.0 -4.0 48 21.77 123 31.02 36.95
93.0 -2.0 48 22.00 123 31.49 36.88
93.0 00.0 48 22.22 123 31.94 36.83
93.0 02.0 48 22.46 123 32.38 36.77
93.0 04.0 48 22.65 123 32.86 36.69
93.0 06.0 48 22.87 123 33.32 36.65
93.0 08.0 48 23.07 123 33.83 36.55
93.0 10.0 48 23.26 123 34.28 36.48
93.0 12.0 48 23.46 123 34.73 36.41
93.0 14.0 48 23.62 123 35.23 36.34
93.0 16.0 48 23.83 123 35.69 36.29
93.0 18.0 48 23.97 123 36.20 36.28
93.0 20.0 48 24.05 123 36.77 36.31
93.0 22.0 48 24.17 123 37.32 36.35
93.0 24.0 48 24.30 123 37.87 36.38
93.0 26.0 48 24.40 123 38.44 36.42
93.0 28.0 48 24.53 123 38.99 36.32
93.0 30.0 48 24.66 123 39.54 36.20
93.0 32.0 48 24.83 123 40.05 36.12
93.0 34.0 48 24.97 123 40.61 36.02
93.0 36.0 48 25.11 123 41.15 35.91
93.0 38.0 48 25.24 123 41.69 35.82
93.0 40.0 48 25.31 123 42.30 35.66
93.0 42.0 48 25.43 123 42.94 35.54
93.0 44.0 48 25.52 123 43.56 35.45
95.0 -4.0 48 21.09 123 31.44 36.63
95.0 -2.0 48 21.32 123 31.90 36.60
95.0 00.0 48 21.59 123 32.34 36.51
95.0 02.0 48 21.81 123 32.81 36.42
95.0 04.0 48 22.04 123 33.28 36.34
95.0 06.0 48 22.26 123 33.77 36.31
95.0 08.0 48 22.46 123 34.23 36.24
95.0 10.0 48 22.65 123 34.73 36.15
95.0 12.0 48 22.85 123 35.18 36.08
95.0 14.0 48 23.01 123 35.69 36.05
95.0 16.0 48 23.20 123 36.17 36.03
95.0 18.0 48 23.31 123 36.70 36.06
95.0 20.0 48 23.39 123 37.30 36.09
95.0 22.0 48 23.53 123 37.85 36.13
95.0 24.0 48 23.61 123 38.45 36.16
95.0 26.0 48 23.76 123 38.97 36.08
95.0 28.0 48 23.87 123 39.54 35.96
95.0 30.0 48 24.05 123 40.06 35.86
95.0 32.0 48 24.18 123 40.59 35.73
95.0 34.0 48 24.29 123 41.18 35.67
95.0 36.0 48 24.49 123 41.67 35.51
95.0 38.0 48 24.58 123 42.28 35.42
95.0 40.0 48 24.74 123 42.81 35.28
95.0 42.0 48 24.80 123 43.51 35.14
95.0 44.0 48 24.92 123 44.07 35.08
97.0 -4.0 48 20.34 123 31.89 36.26
97.0 -2.0 48 20.62 123 32.37 36.21
97.0 00.0 48 20.85 123 32.85 36.12
97.0 02.0 48 21.09 123 33.29 36.08
97.0 04.0 48 21.31 123 33.77 36.01
97.0 06.0 48 21.52 123 34.24 35.93
97.0 08.0 48 21.75 123 34.71 35.86
97.0 10.0 48 21.97 123 35.17 35.79
97.0 12.0 48 22.14 123 35.68 35.73
97.0 14.0 48 22.32 123 36.17 35.73
97.0 16.0 48 22.43 123 36.75 35.78
97.0 18.0 48 22.55 123 37.31 35.81
97.0 20.0 48 22.62 123 37.91 35.84
97.0 22.0 48 22.75 123 38.43 35.87
97.0 24.0 48 22.91 123 38.98 35.78
97.0 26.0 48 23.07 123 39.53 35.68
97.0 28.0 48 23.25 123 40.04 35.59
97.0 30.0 48 23.36 123 40.64 35.46
97.0 32.0 48 23.50 123 41.17 35.42
97.0 34.0 48 23.72 123 41.65 35.25
97.0 36.0 48 23.80 123 42.28 35.12
97.0 38.0 48 23.95 123 42.83 35.03
97.0 40.0 48 24.07 123 43.45 34.91
97.0 42.0 48 24.17 123 44.08 34.82
97.0 44.0 48 24.19 123 44.92 34.83
99.0 -4.0 48 19.62 123 32.34 35.89
99.0 -2.0 48 19.85 123 32.85 35.82
99.0 00.0 48 20.14 123 33.29 35.74
99.0 02.0 48 20.35 123 33.79 35.71
99.0 04.0 48 20.57 123 34.27 35.63
99.0 06.0 48 20.79 123 34.75 35.58
99.0 08.0 48 21.07 123 35.17 35.48
99.0 10.0 48 21.24 123 35.69 35.46
99.0 12.0 48 21.38 123 36.25 35.44
99.0 14.0 48 21.55 123 36.75 35.50
99.0 16.0 48 21.66 123 37.32 35.53
99.0 18.0 48 21.81 123 37.91 35.56
99.0 20.0 48 21.91 123 38.47 35.56
99.0 22.0 48 22.05 123 39.04 35.50
99.0 24.0 48 22.22 123 39.54 35.40
99.0 26.0 48 22.45 123 39.99 35.30
99.0 28.0 48 22.56 123 40.62 35.20
99.0 30.0 48 22.72 123 41.16 35.10
99.0 32.0 48 22.82 123 41.75 35.02
99.0 34.0 48 22.99 123 42.31 34.87
99.0 36.0 48 23.09 123 42.93 34.75
99.0 38.0 48 23.26 123 43.51 34.59
99.0 40.0 48 23.36 123 44.17 34.55
99.0 42.0 48 23.38 123 44.92 34.54
99.0 44.0 48 23.45 123 45.64 34.57
101.0 -4.0 48 18.76 123 32.89 35.51
101.0 -2.0 48 19.06 123 33.34 35.45
101.0 00.0 48 19.31 123 33.83 35.37
101.0 02.0 48 19.59 123 34.27 35.33
101.0 04.0 48 19.83 123 34.73 35.27
101.0 06.0 48 20.05 123 35.27 35.17
101.0 08.0 48 20.32 123 35.71 35.14
101.0 10.0 48 20.43 123 36.25 35.15
101.0 12.0 48 20.61 123 36.77 35.19
101.0 14.0 48 20.65 123 37.46 35.24
101.0 16.0 48 20.83 123 37.94 35.28
101.0 18.0 48 21.01 123 38.50 35.25
101.0 20.0 48 21.14 123 39.10 35.19
101.0 22.0 48 21.35 123 39.56 35.10
101.0 24.0 48 21.58 123 40.05 34.99
101.0 26.0 48 21.67 123 40.68 34.88
101.0 28.0 48 21.83 123 41.21 34.79
101.0 30.0 48 21.99 123 41.74 34.69
101.0 32.0 48 22.14 123 42.42 34.54
101.0 34.0 48 22.30 123 42.97 34.47
101.0 36.0 48 22.38 123 43.63 34.31
101.0 38.0 48 22.48 123 44.27 34.26
101.0 40.0 48 22.53 123 44.99 34.24
101.0 42.0 48 22.59 123 45.72 34.26
101.0 44.0 48 22.57 123 46.57 34.20
103.0 -4.0 48 17.92 123 33.42 35.10
103.0 -2.0 48 18.22 123 33.86 35.06
103.0 00.0 48 18.49 123 34.33 34.98
103.0 02.0 48 18.75 123 34.85 34.91
103.0 04.0 48 18.99 123 35.33 34.86
103.0 06.0 48 19.23 123 35.81 34.81
103.0 08.0 48 19.36 123 36.43 34.82
103.0 10.0 48 19.54 123 36.93 34.87
103.0 12.0 48 19.65 123 37.53 34.92
103.0 14.0 48 19.84 123 38.05 34.97
103.0 16.0 48 19.99 123 38.63 34.96
103.0 18.0 48 20.10 123 39.22 34.90
103.0 20.0 48 20.34 123 39.69 34.77
103.0 22.0 48 20.59 123 40.24 34.66
103.0 24.0 48 20.73 123 40.80 34.57
103.0 26.0 48 20.91 123 41.35 34.44
103.0 28.0 48 21.01 123 42.01 34.32
103.0 30.0 48 21.26 123 42.44 34.19
103.0 32.0 48 21.37 123 43.09 34.08
103.0 34.0 48 21.53 123 43.67 33.99
103.0 36.0 48 21.64 123 44.25 33.93
103.0 38.0 48 21.71 123 44.95 33.96
103.0 40.0 48 21.69 123 45.78 33.95
103.0 42.0 48 21.74 123 46.55 33.94
103.0 44.0 48 21.81 123 47.28 33.80
105.0 -4.0 48 17.07 123 33.91 34.72
105.0 -2.0 48 17.35 123 34.42 34.64
105.0 00.0 48 17.70 123 34.83 34.57
105.0 02.0 48 17.99 123 35.33 34.48
105.0 04.0 48 18.14 123 35.94 34.47
105.0 06.0 48 18.32 123 36.46 34.52
105.0 08.0 48 18.45 123 37.08 34.55
105.0 10.0 48 18.55 123 37.74 34.60
105.0 12.0 48 18.75 123 38.25 34.63
105.0 14.0 48 18.93 123 38.80 34.59
105.0 16.0 48 19.12 123 39.30 34.52
105.0 18.0 48 19.33 123 39.85 34.46
105.0 20.0 48 19.66 123 40.22 34.30
105.0 22.0 48 19.78 123 40.85 34.24
105.0 24.0 48 19.96 123 41.38 34.13
105.0 26.0 48 20.16 123 41.94 33.98
105.0 28.0 48 20.28 123 42.56 33.90
105.0 30.0 48 20.39 123 43.17 33.78
105.0 32.0 48 20.62 123 43.72 33.62
105.0 34.0 48 20.67 123 44.40 33.64
105.0 36.0 48 20.65 123 45.23 33.64
105.0 38.0 48 20.66 123 46.01 33.66
105.0 40.0 48 20.75 123 46.75 33.58
105.0 42.0 48 20.88 123 47.39 33.44
105.0 44.0 48 19.69 123 50.28 32.21
107.0 -4.0 48 16.13 123 34.50 34.24
107.0 -2.0 48 16.35 123 35.04 34.19
107.0 00.0 48 16.71 123 35.51 34.14
107.0 02.0 48 16.94 123 36.03 34.12
107.0 04.0 48 17.16 123 36.55 34.15
107.0 06.0 48 17.26 123 37.22 34.20
107.0 08.0 48 17.46 123 37.76 34.26
107.0 10.0 48 17.66 123 38.28 34.30
107.0 12.0 48 17.87 123 38.83 34.22
107.0 14.0 48 18.06 123 39.42 34.18
107.0 16.0 48 18.31 123 39.89 34.04
107.0 18.0 48 18.45 123 40.50 33.98
107.0 20.0 48 18.70 123 41.02 33.84
107.0 22.0 48 18.98 123 41.49 33.69
107.0 24.0 48 19.15 123 42.04 33.56
107.0 26.0 48 19.27 123 42.68 33.50
107.0 28.0 48 19.36 123 43.40 33.39
107.0 30.0 48 19.63 123 43.86 33.27
107.0 32.0 48 19.63 123 44.61 33.27
107.0 34.0 48 19.74 123 45.27 33.26
107.0 36.0 48 18.36 123 48.18 32.40
107.0 38.0 48 18.37 123 49.06 32.14
107.0 40.0 48 18.33 123 49.98 31.86
107.0 42.0 48 18.35 123 50.86 31.61
107.0 44.0 48 18.81 123 51.09 31.69
109.0 -4.0 48 15.02 123 35.20 33.77
109.0 -2.0 48 15.37 123 35.65 33.71
109.0 00.0 48 15.54 123 36.26 33.73
109.0 02.0 48 15.75 123 36.82 33.78
109.0 04.0 48 15.96 123 37.40 33.84
109.0 06.0 48 16.09 123 38.02 33.88
109.0 08.0 48 16.31 123 38.58 33.90
109.0 10.0 48 16.63 123 39.04 33.84
109.0 12.0 48 16.79 123 39.66 33.73
109.0 14.0 48 16.99 123 40.22 33.64
109.0 16.0 48 17.34 123 40.67 33.55
109.0 18.0 48 17.47 123 41.29 33.45
109.0 20.0 48 17.73 123 41.82 33.34
109.0 22.0 48 17.87 123 42.42 33.23
109.0 24.0 48 18.10 123 42.95 33.13
109.0 26.0 48 16.69 123 45.59 32.36
109.0 28.0 48 16.80 123 46.31 32.38
109.0 30.0 48 16.80 123 47.22 32.21
109.0 32.0 48 16.84 123 48.04 31.97
109.0 34.0 48 16.84 123 48.94 31.70
109.0 36.0 48 17.31 123 49.18 31.77
109.0 38.0 48 17.27 123 50.10 31.49
109.0 40.0 48 17.29 123 50.95 31.25
109.0 42.0 48 17.25 123 52.05 30.97
109.0 44.0 48 17.27 123 52.91 30.94
