  2  40714  5 2724.900 1.558 14
  2  40714  6 1976.000 1.649 10
  2  40714  7   27.625 1.482  9
  2  40714  7 1293.300 1.586 14
  2  40714  7 1471.350 1.483 16
  2  40714  7 2945.225 1.585 13
  2  40714  8 1508.800 1.548 11
  2  40714  8 1558.800 1.403 11
  2  40714  8 2769.225 1.595 11
  2  40714  8 3461.125 1.494 12
  2  40714  9 1780.425 1.669 13
  2  40714 10  231.200 1.535 14
  2  40714 10  579.100 1.620 15
  2  40714 10 2879.150 1.502 13
  2  40714 10 3405.100 1.546 10
246  40714 11   73.100 1.210 10
  2  40714 11  456.800 1.490 12
  2  40714 11  583.725 1.431 15
  2  40714 11  603.725 1.455 16
  2  40714 11  889.675 1.621 13
  2  40714 11 1047.000 1.619 11
  2  40714 11 1058.050 1.479 12
246  40714 11 1322.150 1.512 16
  2  40714 11 1324.825 1.605 11
  2  40714 11 1334.500 1.530 17
246  40714 11 1416.025 1.596 10
  2  40714 11 1423.200 1.552 11
  2  40714 11 1655.425 1.396 15
  2  40714 11 1777.500 1.503 11
  2  40714 11 1788.375 1.568 16
  2  40714 11 1881.025 1.403 14
  2  40714 11 1923.250 1.423 13
  2  40714 11 1940.400 1.508 19
  2  40714 11 1988.725 1.470 16
  2  40714 11 2019.225 1.465 12
  2  40714 11 2107.000 1.494 13
  2  40714 11 2221.850 1.447 13
  2  40714 11 2241.225 1.379 15
  2  40714 11 2311.700 1.603 20
  2  40714 11 2327.750 1.531 10
  2  40714 11 2342.550 1.544 13
  2  40714 11 2347.425 1.586  7
246  40714 11 2427.925 1.579  9
  2  40714 11 2476.575 1.558 12
246  40714 11 2481.550 1.558 14
  2  40714 11 2483.500 1.501 20
  2  40714 11 2502.875 1.463 14
  2  40714 11 2513.800 1.549 16
  2  40714 11 2615.025 1.603 14
  2  40714 11 2651.375 1.494 12
  2  40714 11 2662.275 1.529 15
  2  40714 11 2672.275 1.421 15
246  40714 11 2683.200 1.496  9
  2  40714 11 2685.975 1.418 16
  2  40714 11 2740.625 1.465 12
  2  40714 11 2756.275 1.487 12
  2  40714 11 2777.650 1.599 18
246  40714 11 2782.650 1.528 13
  2  40714 11 2896.850 1.461 17
  2  40714 11 2932.875 1.442 18
  2  40714 11 2956.050 1.401 22
  2  40714 11 2969.725 1.475 18
  2  40714 11 3021.625 1.450 15
  2  40714 11 3033.550 1.414 14
  2  40714 11 3051.800 1.496 13
246  40714 11 3115.450 1.539  8
  2  40714 11 3131.800 1.562 15
  2  40714 11 3152.725 1.464 13
  2  40714 11 3200.825 1.498 16
  2  40714 11 3241.325 1.606 11
  2  40714 11 3247.225 1.558 12
  2  40714 11 3288.850 1.468 12
  2  40714 11 3300.825 1.485 11
  2  40714 11 3342.425 1.433 13
  2  40714 11 3384.775 1.507 12
  2  40714 11 3405.025 1.613 18
  2  40714 11 3489.675 1.419 12
  2  40714 11 3545.675 1.583 24
  2  40714 12   97.425 1.504 14
  2  40714 12  209.225 1.531 14
  2  40714 12  308.250 1.305  7
  2  40714 12  356.750 1.451 15
  2  40714 12  364.400 1.529 12
  2  40714 12  372.900 1.585 20
  2  40714 12  392.100 1.408 12
  2  40714 12  396.500 1.503 14
  2  40714 12  422.800 1.641 24
246  40714 12  428.925 1.564 10
  2  40714 12  433.500 1.486 17
  2  40714 12  452.250 1.582 10
246  40714 12  589.050 1.452 14
  2  40714 12  630.000 1.512  9
246  40714 12  698.775 1.442 11
  2  40714 12  833.150 1.541 12
  2  40714 12  846.050 1.432 15
  2  40714 12  853.600 1.491 21
  2  40714 12  864.250 1.430 16
  2  40714 12  875.675 1.466 18
  2  40714 12  889.375 1.498 13
  2  40714 12  903.075 1.411 18
  2  40714 12  930.825 1.544 24
  2  40714 12 1024.550 1.507 15
  2  40714 12 1051.075 1.396 13
  2  40714 12 1160.400 1.451 13
  2  40714 12 1178.500 1.482 15
  2  40714 12 1355.875 1.507 10
  2  40714 12 1360.450 1.432 16
  2  40714 12 1365.700 1.471 14
246  40714 12 1422.975 1.410 14
  2  40714 12 1426.500 1.523 19
  2  40714 12 1525.100 1.436 11
  2  40714 12 1535.100 1.379 15
  2  40714 12 1543.375 1.500 16
  2  40714 12 1563.925 1.391 11
  2  40714 12 1629.625 1.477 15
  2  40714 12 1647.800 1.544 19
  2  40714 12 1675.650 1.512  7
  2  40714 12 1691.025 1.383 14
  2  40714 12 1698.925 1.551 16
  2  40714 12 1707.375 1.460 22
  2  40714 12 1716.050 1.370 11
  2  40714 12 1722.425 1.503 19
  2  40714 12 1735.850 1.464 18
  2  40714 12 1748.700 1.354 12
  2  40714 12 1764.175 1.481 16
  2  40714 12 1953.350 1.437 16
  2  40714 12 2043.925 1.554 14
  2  40714 12 2101.725 1.397 15
  2  40714 12 2111.850 1.383 15
246  40714 12 2137.650 1.442 13
  2  40714 12 2168.700 1.401 15
  2  40714 12 2368.750 1.358 13
  2  40714 12 2538.800 1.470 15
  2  40714 12 2551.375 1.401 17
246  40714 12 2557.250 1.442 14
  2  40714 12 2563.650 1.390 15
  2  40714 12 2573.175 1.501 21
  2  40714 12 2585.525 1.599 23
  2  40714 12 2611.950 1.708 18
  2  40714 12 2627.950 1.409 14
  2  40714 12 2639.150 1.476 17
246  40714 12 2649.825 1.458 13
246  40714 12 2660.675 1.512 14
  2  40714 12 2672.250 1.646 23
  2  40714 12 2682.450 1.465 15
  2  40714 12 2713.350 1.459 14
246  40714 12 2784.300 1.578 10
246  40714 12 2806.250 1.487 14
  2  40714 12 2968.475 1.386 14
  2  40714 12 2987.175 1.515 17
  2  40714 12 3135.700 1.449 16
  2  40714 12 3146.125 1.511 18
  2  40714 12 3163.150 1.495 18
  2  40714 12 3179.125 1.541 18
  2  40714 12 3294.000 1.391  9
246  40714 12 3319.275 1.438 14
  2  40714 12 3324.775 1.475 15
  2  40714 12 3330.575 1.580 22
  2  40714 12 3349.075 1.470 18
  2  40714 12 3355.950 1.393 10
  2  40714 12 3361.675 1.536 18
  2  40714 12 3380.775 1.580 19
  2  40714 12 3392.550 1.384 11
  2  40714 12 3418.125 1.428 11
  2  40714 12 3426.275 1.410 16
  2  40714 13   54.025 1.332 11
  2  40714 13  394.300 1.421 12
  2  40714 13  408.275 1.446 16
  2  40714 13  422.625 1.417 14
  2  40714 13  427.175 1.423 15
  2  40714 13  433.775 1.420 18
  2  40714 13  439.475 1.382 15
  2  40714 13  492.000 1.458 11
  2  40714 13  504.375 1.473 12
  2  40714 13  520.600 1.454 18
  2  40714 13  532.650 1.404 13
  2  40714 13  538.950 1.427 14
  2  40714 13  549.050 1.408 19
  2  40714 13 1025.050 1.497 13
  2  40714 13 1032.125 1.579 16
  2  40714 13 1068.975 1.462 11
  2  40714 13 1086.975 1.615  8
  2  40714 13 1096.575 1.736 21
  2  40714 13 1107.925 1.661 11
  2  40714 13 1119.400 1.646 17
  2  40714 13 1125.450 1.576 15
  2  40714 13 1140.125 1.530 21
  2  40714 13 1145.700 1.695 20
  2  40714 13 1164.575 1.517 15
246  40714 13 1169.775 1.483 10
  2  40714 13 1199.425 1.469 14
  2  40714 13 1229.475 1.458 13
  2  40714 13 1545.375 1.409 14
  2  40714 13 1576.325 1.372 16
246  40714 13 2111.125 1.597 10
  2  40714 13 2121.200 1.473 11
  2  40714 13 2142.300 1.523 17
  2  40714 13 2160.200 1.416 12
  2  40714 13 2184.700 1.501 13
  2  40714 13 2192.850 1.504 17
246  40714 13 2839.225 1.591 14
  2  40714 13 3067.575 1.576 16
  2  40714 13 3089.675 1.607 12
  2  40714 13 3121.550 1.604 16
  2  40714 13 3127.975 1.657 18
  2  40714 13 3135.625 1.816 16
  2  40714 13 3140.275 1.706 18
  2  40714 13 3162.475 1.735 21
  2  40714 13 3177.875 1.702 11
  2  40714 13 3186.750 1.764 19
246  40714 14   81.050 1.660  9
  2  40714 14   95.175 1.633 14
  2  40714 14  183.575 1.725 13
  2  40714 14  224.625 1.544 10
  2  40714 14  274.475 1.552 11
  2  40714 14  290.875 1.555 13
246  40714 14  293.725 1.580 12
  2  40714 14  302.275 1.653 19
  2  40714 14  308.900 1.670 18
  2  40714 14  313.550 1.671 19
  2  40714 14  326.225 1.769 18
  2  40714 14  339.225 1.673 16
  2  40714 14  351.675 1.581 14
  2  40714 14  384.000 1.686 16
  2  40714 14  824.000 1.598 15
246  40714 14 1009.900 1.514 11
  2  40714 14 1555.400 1.527 16
  2  40714 14 1577.400 1.594 17
  2  40714 14 1616.850 1.570 13
  2  40714 14 1621.425 1.550 14
  2  40714 14 1630.800 1.639 19
  2  40714 14 1699.450 1.581 17
  2  40714 14 1706.475 1.638 14
  2  40714 14 1725.800 1.604 15
  2  40714 14 1737.400 1.634 12
  2  40714 14 1753.075 1.650  9
  2  40714 14 1811.525 1.484 12
246  40714 14 1915.075 1.416 12
  2  40714 14 1922.475 1.615 13
  2  40714 14 1929.850 1.608 17
  2  40714 14 1955.825 1.763 15
  2  40714 14 1969.825 1.623 17
  2  40714 14 1978.350 1.566 14
  2  40714 14 1982.475 1.613 17
  2  40714 14 1988.075 1.578 14
  2  40714 14 2000.375 1.606 13
  2  40714 14 2056.175 1.572 11
  2  40714 14 3420.950 1.542  9
  2  40714 14 3445.025 1.383 12
  2  40714 14 3468.475 1.458 14
246  40714 14 3483.575 1.368 10
  2  40714 14 3498.300 1.562 14
246  40714 14 3507.800 1.511 11
  2  40714 15  716.200 1.531 10
  2  40714 15  744.825 1.596  8
  2  40714 15  755.900 1.434 11
  2  40714 15  785.500 1.589 12
  2  40714 15  805.900 1.546 12
  2  40714 15  820.600 1.499 11
  2  40714 15  896.775 1.562 14
246  40714 15  900.850 1.313  9
  2  40714 15  942.025 1.474 15
  2  40714 15  951.575 1.572 17
  2  40714 15  960.600 1.462 16
  2  40714 15  970.675 1.714 19
  2  40714 15  976.025 1.603 14
  2  40714 15  983.575 1.698 18
  2  40714 15 1002.000 1.587 19
  2  40714 15 1006.750 1.528 17
  2  40714 15 1015.325 1.616 16
  2  40714 15 1023.775 1.717 12
  2  40714 15 1033.250 1.552  9
  2  40714 15 1038.875 1.498 18
  2  40714 15 1052.250 1.578 17
  2  40714 15 1064.150 1.755 24
  2  40714 15 1092.300 1.484 16
  2  40714 15 1102.750 1.560  8
  2  40714 15 1124.500 1.411 10
246  40714 16 2239.475 1.490 14
246  40714 16 2243.550 1.500 10
246  40714 16 2292.275 1.491 13
  2  40714 16 2297.050 1.503 15
  2  40714 16 2311.475 1.519 14
  2  40714 16 2330.425 1.500 16
  2  40714 16 2335.775 1.455 13
  2  40714 16 2363.675 1.367 17
  2  40714 16 2396.975 1.398 19
  2  40714 16 2420.225 1.540 20
  2  40714 16 2428.375 1.387 16
246  40714 16 2461.675 1.475 14
  2  40714 16 2464.650 1.391 15
  2  40714 16 2475.800 1.433 15
  2  40714 16 2510.425 1.446 12
  2  40714 16 2529.600 1.361 13
  2  40714 16 2541.050 1.429 13
  2  40714 16 2548.375 1.554 16
  2  40714 16 2557.250 1.425 15
  2  40714 16 2580.575 1.482 11
  2  40714 16 2584.650 1.444 13
  2  40714 16 2632.225 1.503 20
  2  40714 16 2733.300 1.512 14
  2  40714 16 2863.675 1.534 13
  2  40714 16 2932.925 1.524 14
  2  40714 16 2968.475 1.584 13
  2  40714 16 2990.475 1.493 11
  2  40714 16 2998.425 1.465 21
  2  40714 16 3010.550 1.507 18
  2  40714 16 3018.925 1.541 17
  2  40714 16 3031.175 1.532 17
  2  40714 16 3065.225 1.509 20
  2  40714 16 3070.650 1.487 15
  2  40714 16 3084.400 1.561 19
  2  40714 16 3097.200 1.419 10
  2  40714 16 3107.600 1.427 17
  2  40714 16 3132.425 1.481 17
  2  40714 16 3140.675 1.669 24
  2  40714 16 3165.100 1.496 16
  2  40714 16 3176.625 1.533 17
  2  40714 16 3189.250 1.529 26
  2  40714 16 3211.000 1.698 20
  2  40714 16 3217.700 1.622 26
246  40714 16 3242.675 1.607 13
  2  40714 16 3245.675 1.566  9
  2  40714 16 3261.500 1.615 13
  2  40714 16 3267.425 1.659 17
  2  40714 16 3285.775 1.556 11
  2  40714 16 3301.475 1.683  9
  2  40714 16 3306.700 1.531 10
  2  40714 16 3324.500 1.552  6
  2  40714 16 3442.425 1.518 12
  2  40714 16 3547.200 1.523 13
  2  40714 17  294.350 1.623 14
  2  40714 17  309.625 1.494 10
  2  40714 18 1200.875 1.479  9
  2  40714 18 1446.475 1.507 14
  2  40714 18 1467.775 1.529 13
  2  40714 18 1476.825 1.435 12
  2  40714 18 1489.700 1.477 16
246  40714 18 1497.575 1.540  9
  2  40714 18 1499.550 1.646  9
  2  40714 18 1510.825 1.672 16
  2  40714 18 1536.500 1.489 21
  2  40714 18 1564.075 1.560 15
  2  40714 18 1596.000 1.501 15
  2  40714 18 1601.775 1.564 18
  2  40714 18 1611.575 1.535 14
  2  40714 18 1928.250 1.646 12
  2  40714 18 1944.550 1.521 18
246  40714 18 2466.600 1.482 17
  2  40714 18 2703.450 1.631 12
  2  40714 18 2714.425 1.597 12
  2  40714 18 2736.200 1.492  9
  2  40714 18 2998.475 1.575 12
  2  40714 18 3050.625 1.554 12
  2  40714 19  212.700 1.619 12
  2  40714 19  257.200 1.520 12
  2  40714 19  272.100 1.646 16
  2  40714 19  297.400 1.786 13
  2  40714 19  304.750 1.587 17
  2  40714 19  309.350 1.595 15
  2  40714 19  319.125 1.651 16
  2  40714 19  327.750 1.676 25
246  40714 19  339.475 1.657 13
  2  40714 19  348.475 1.633 13
  2  40714 19  360.500 1.741 17
  2  40714 19  370.575 1.606 15
  2  40714 19  379.300 1.581 14
  2  40714 19  393.275 1.570 15
  2  40714 19  443.100 1.474 14
  2  40714 19  466.500 1.676 18
  2  40714 20 1607.125 1.538  7
  2  40714 20 2032.475 1.498 18
  2  40714 20 2036.975 1.500 14
  2  40714 20 2046.025 1.666 13
  2  40714 20 2056.000 1.792 22
  2  40714 20 2067.225 1.643 16
246  40714 20 2077.650 1.575 14
  2  40714 20 2085.750 1.871 28
  2  40714 20 2094.150 1.731  9
  2  40714 20 2102.850 1.622 13
246  40714 20 2108.800 1.663 12
  2  40714 20 2125.075 1.730 15
  2  40714 20 2137.675 1.636 19
  2  40714 20 2148.450 1.594 20
  2  40714 20 2156.950 1.635 19
  2  40714 20 2169.025 1.558 16
  2  40714 20 2179.875 1.555 15
  2  40714 20 2188.075 1.599 12
  2  40714 20 2196.100 1.720 18
  2  40714 20 2204.750 1.580 20
  2  40714 20 2213.075 1.750 26
  2  40714 20 2231.575 1.819 23
  2  40714 20 2250.225 1.734 22
  2  40714 20 2280.325 1.593 10
  2  40714 20 3566.950 1.751 12
  2  40714 21 1893.850 1.603 17
  2  40714 21 1959.600 1.725  8
  2  40714 21 1972.125 1.691 17
  2  40714 21 1982.975 1.483 11
  2  40714 21 2006.825 1.573 18
  2  40714 21 2030.875 1.704 18
  2  40714 21 2035.725 1.585 14
  2  40714 21 2045.575 1.687 22
  2  40714 21 2051.950 1.623 12
  2  40714 21 2067.225 1.732 19
  2  40714 21 2081.500 1.595 21
  2  40714 21 2103.200 1.614 19
246  40714 21 2108.175 1.757 15
  2  40714 21 2142.600 1.729 17
  2  40714 21 2168.125 1.639 10
  2  40714 21 2174.400 1.775 25
  2  40714 21 2184.000 1.575 14
  2  40714 21 2211.100 1.651 12
  2  40714 21 2223.650 1.730 16
  2  40714 21 2273.225 1.643 12
246  40714 21 2305.325 1.594 10
  2  40714 21 2390.275 1.620  8
246  40714 21 2391.950 1.590 11
  2  40714 22  347.225 1.669 18
  2  40714 22  352.325 1.826 22
  2  40714 22  367.925 1.777 15
  2  40714 22  374.425 1.722 13
  2  40714 22  401.925 1.805 18
  2  40714 22  406.150 1.904 18
  2  40714 22  422.775 1.844 16
246  40714 22  541.225 1.898 12
246  40714 22  546.925 1.822  9
246  40714 22  834.675 1.822  8
  2  40714 22 1212.025 1.918 11
  2  40714 22 1366.975 1.854 18
  2  40714 22 1391.325 1.810 17
  2  40714 22 1398.275 1.710 15
  2  40714 22 2661.300 1.649 11
  2  40714 22 3299.525 1.684 15
  2  40714 22 3307.700 1.663 13
  2  40714 22 3321.350 1.656  9
  2  40714 22 3329.950 1.811 20
  2  40714 22 3360.975 1.679 14
  2  40714 22 3376.850 1.791 10
246  40714 22 3384.750 1.635  9
  2  40714 22 3417.275 1.713 13
  2  40714 22 3421.700 1.634 13
  2  40714 22 3453.225 1.789 13
  2  40714 22 3489.225 1.589 15
246  40714 22 3492.400 1.637 17
  2  40714 22 3511.475 1.857 21
  2  40714 22 3520.150 1.843 26
  2  40714 22 3530.900 1.740  8
  2  40714 22 3573.750 1.773 15
  2  40714 22 3593.375 1.753 14
  2  40714 23   18.525 1.664 19
246  40714 23   55.200 1.616 10
  2  40714 23  554.075 1.566 13
  2  40714 23 2388.075 1.593  9
  2  40714 23 2405.450 1.687 16
  2  40714 23 2414.025 1.747 16
  2  40714 23 2435.975 1.758 14
  2  40714 23 2451.100 1.876 20
  2  40714 23 2459.675 1.755 16
246  40714 23 2468.850 1.798  9
  2  40714 23 2481.825 1.861 15
  2  40714 23 2489.050 1.882 22
  2  40714 23 2497.200 1.800 14
  2  40714 23 2511.875 1.844 18
246  40714 23 2531.800 1.774 15
  2  40714 23 2543.925 1.868 20
  2  40714 24 2701.900 1.620 11
  2  40714 24 3041.450 1.538 12
  2  40714 24 3122.125 1.695 11
  2  40714 24 3141.450 1.597 12
  2  40714 24 3158.525 1.714 12
  2  40714 24 3167.200 1.705 25
246  40714 24 3185.400 1.630 10
  2  40714 24 3191.600 1.748 17
  2  40714 24 3202.950 1.649 15
  2  40714 24 3214.050 1.660 13
  2  40714 24 3229.450 1.751 15
  2  40714 24 3234.950 1.811 12
  2  40714 24 3242.400 1.843 16
  2  40714 24 3250.375 1.674 17
  2  40714 24 3261.725 1.800 27
  2  40714 24 3270.300 1.726 15
  2  40714 24 3295.175 1.761  9
  2  40714 24 3302.450 1.852 14
  2  40714 24 3318.550 1.817 18
246  40714 24 3330.550 1.850 14
  2  40714 24 3339.350 2.009 15
  2  40714 24 3345.700 1.874 15
  2  40714 24 3350.300 1.823  9
  2  40714 24 3379.975 2.180 11
  2  40714 24 3395.125 1.884 21
  2  40714 24 3432.800 1.700 14
  2  40714 24 3504.725 1.648 14
  2  40714 24 3558.325 1.723 13
  2  40714 24 3586.025 1.703 11
  2  40715  1  930.850 1.765 15
  2  40715  1 1015.825 1.798 14
  2  40715  1 1022.175 1.701 14
  2  40715  1 1030.425 1.955 21
  2  40715  1 1046.175 1.852  9
  2  40715  1 1055.350 1.705 14
  2  40715  1 1064.100 1.778 17
  2  40715  1 1352.350 1.738 16
  2  40715  1 1370.125 1.855 12
  2  40715  1 1384.075 1.742 14
  2  40715  1 1529.750 1.801 23
  2  40715  1 1534.350 1.701 12
  2  40715  2 1719.875 1.758 12
  2  40715  2 1761.800 1.916 18
246  40715  2 1779.425 1.786 15
  2  40715  2 1792.350 1.822 15
  2  40715  2 1801.025 1.763 10
  2  40715  2 1813.700 1.795 19
  2  40715  2 1821.775 1.768 19
  2  40715  2 1838.825 1.897 20
  2  40715  2 1852.650 1.880 16
246  40715  2 1854.650 1.898 13
  2  40715  2 1859.275 1.931 16
246  40715  2 1863.250 1.904 12
  2  40715  2 1882.650 1.786 13
  2  40715  2 1891.150 1.847  8
  2  40715  2 1896.425 1.891 10
  2  40715  2 1905.200 1.844 10
  2  40715  2 1914.950 1.866 13
  2  40715  2 1929.025 1.818 13
  2  40715  2 1943.300 1.861 13
246  40715  2 1966.250 1.741 11
  2  40715  2 1986.425 1.883 13
  2  40715  2 2015.050 1.888 18
  2  40715  3 1042.850 1.799 14
246  40715  3 1074.525 1.697 12
  2  40715  3 1084.625 1.684 12
246  40715  3 1089.450 1.738 10
  2  40715  3 1100.500 1.630  9
  2  40715  3 1117.750 1.739 15
  2  40715  3 1136.725 1.785 14
  2  40715  3 1144.875 1.829 19
  2  40715  3 1153.025 1.804 25
  2  40715  3 1164.175 1.678 19
246  40715  3 1170.125 1.728 12
  2  40715  3 1173.425 1.690 10
  2  40715  3 1204.425 1.901 20
  2  40715  3 1211.350 1.847 13
  2  40715  3 1258.125 1.937 11
  2  40715  3 1298.125 1.929 12
  2  40715  3 1303.225 1.740 17
  2  40715  3 1595.175 1.704 10
  2  40715  4 2867.925 1.573 16
  2  40715  4 2913.100 1.581 15
246  40715  4 2916.825 1.657 13
  2  40715  4 2928.450 1.590 14
  2  40715  4 2932.575 1.599 16
  2  40715  4 3079.975 1.800 17
  2  40715  4 3111.550 1.790 21
  2  40715  4 3125.675 1.645 15
246  40715  4 3146.675 1.775 18
  2  40715  4 3148.600 1.701 18
  2  40715  4 3158.825 1.780 19
  2  40715  4 3173.750 1.920 12
  2  40715  4 3180.125 1.673 12
  2  40715  4 3195.850 1.706 17
  2  40715  4 3201.175 1.660 14
  2  40715  4 3216.425 1.767 13
  2  40715  4 3232.400 1.693 13
  2  40715  4 3268.000 1.697 15
  2  40715  4 3272.700 1.733 18
  2  40715  4 3286.925 1.795 26
  2  40715  4 3306.575 1.766 19
  2  40715  4 3344.350 1.769 11
  2  40715  4 3348.450 1.692 22
  2  40715  4 3353.275 1.649 18
  2  40715  4 3402.475 1.749 11
  2  40715  4 3473.800 1.651 15
  2  40715  5 1671.650 1.476 14
246  40715  5 2025.525 1.616 12
  2  40715  6  422.400 1.774  6
  2  40715  6 1926.950 1.752 17
  2  40715  6 1966.300 1.665 17
  2  40715  6 1975.400 1.690 14
  2  40715  6 1986.775 1.637 10
246  40715  6 2086.250 1.633 12
246  40715  6 2091.675 1.720  8
  2  40715  6 2101.525 1.580 13
  2  40715  6 2122.825 1.631 12
  2  40715  6 2134.675 1.706 16
  2  40715  6 2156.075 1.683 14
  2  40715  6 2198.425 1.585 12
  2  40715  6 2221.175 1.521  8
  2  40715  6 2241.350 1.463 17
  2  40715  6 2246.975 1.568 18
  2  40715  6 2259.900 1.496 14
  2  40715  6 2272.900 1.570 13
  2  40715  6 2308.625 1.515  8
  2  40715  7  302.150 1.667 16
  2  40715  7 2524.825 1.740 15
  2  40715  7 2543.025 1.675 16
  2  40715  7 2733.625 1.521 14
  2  40715  8  117.025 1.710 10
  2  40715  8  122.200 1.774 14
  2  40715  8  134.275 1.742 17
  2  40715  8  147.300 1.662 16
  2  40715  8  170.675 1.688 20
  2  40715  8  185.675 1.684 22
  2  40715  8  202.300 1.879 20
  2  40715  8  224.200 1.690 12
  2  40715  8  228.825 1.687 22
246  40715  8  239.875 1.684  8
  2  40715  8  256.350 1.954 30
  2  40715  8  275.900 1.903 22
  2  40715  8  282.075 2.069 18
  2  40715  8  294.500 1.727 14
  2  40715  8  310.150 1.869 16
  2  40715  8  405.300 1.870 18
  2  40715  8  421.925 1.833 19
  2  40715  8  466.975 1.659 10
  2  40715  8  658.775 1.805 10
  2  40715  8  700.850 1.726  9
  2  40715  8  799.900 1.589 14
  2  40715  8 1311.800 1.815 14
  2  40715  8 2206.575 1.652  6
  2  40715  8 2229.450 1.606 15
  2  40715  8 2265.800 1.558 11
  2  40715  8 2272.425 1.671 14
  2  40715  8 2290.775 1.662  9
  2  40715  8 2299.250 1.453  7
  2  40715  8 2316.225 1.646 17
  2  40715  8 2342.000 1.660 13
  2  40715  8 2427.500 1.602  9
  2  40715  8 2432.800 1.542 12
  2  40715  8 2685.175 1.504 13
  2  40715  8 2700.225 1.662 18
246  40715  8 2714.325 1.586 14
246  40715  8 3097.525 1.577 14
  2  40715  8 3103.875 1.656 15
  2  40715  8 3125.525 1.702 18
  2  40715  8 3136.375 1.627 12
  2  40715  9 2111.475 1.883 13
  2  40715  9 2120.375 1.945 11
  2  40715  9 2353.225 1.827 14
  2  40715  9 2440.550 1.716 13
246  40715  9 2446.800 1.726 11
  2  40715  9 2448.775 1.914 12
  2  40715  9 2460.375 1.826 17
  2  40715  9 2473.625 1.882 19
  2  40715  9 2486.675 1.780 13
  2  40715  9 2494.225 1.825 19
  2  40715  9 2500.025 1.885 13
  2  40715  9 2518.800 1.992 20
  2  40715  9 2525.650 1.852 19
  2  40715  9 2532.775 1.948 17
  2  40715  9 2540.400 1.900 18
  2  40715  9 2546.475 2.021 14
  2  40715  9 2557.175 1.960 21
  2  40715  9 2581.125 1.967 15
  2  40715  9 2615.950 1.851 10
  2  40715  9 2694.750 1.835 13
  2  40715  9 2700.675 1.759 15
  2  40715  9 2707.500 1.846 19
  2  40715  9 2713.325 1.832 15
  2  40715 11 1798.350 1.738  7
  2  40715 11 1832.075 1.891 13
  2  40715 11 1842.100 1.954 14
  2  40715 11 1848.875 1.843 13
  2  40715 11 1854.425 1.880 15
  2  40715 11 1875.850 1.882 12
  2  40715 11 1888.200 1.902 23
  2  40715 11 1894.425 1.886 17
246  40715 11 1896.425 1.852  7
  2  40715 11 1913.425 1.792 12
  2  40715 11 1927.950 1.817 15
  2  40715 11 1950.275 1.620 16
  2  40715 11 1966.775 1.670 12
  2  40715 11 1991.700 1.771 20
  2  40715 11 2012.800 1.615 19
  2  40715 11 2021.875 1.614 16
  2  40715 11 2029.175 1.642 17
  2  40715 11 2052.700 1.919 26
  2  40715 11 2076.625 1.649 10
  2  40715 11 2081.975 1.696 11
  2  40715 11 2105.850 1.650 19
  2  40715 11 2218.975 1.594 11
  2  40715 11 2251.125 1.711 10
  2  40715 11 2334.300 1.548 11
  2  40715 11 2511.250 1.637 12
  2  40715 11 3287.175 1.710 13
  2  40715 11 3361.625 1.586 19
  2  40715 11 3378.075 1.799 19
  2  40715 11 3384.325 1.621 16
  2  40715 11 3414.350 1.724 13
  2  40715 11 3422.875 1.654 14
  2  40715 11 3427.925 1.622  9
  2  40715 11 3447.975 1.740 21
  2  40715 11 3454.350 1.688 13
  2  40715 11 3465.925 1.708 18
246  40715 11 3483.325 1.760  7
  2  40715 11 3504.000 1.791 18
  2  40715 11 3514.575 1.683 13
  2  40715 11 3519.100 1.809 27
  2  40715 11 3532.150 1.955 19
  2  40715 11 3571.800 1.659  8
246  40715 12 3549.875 1.906  9
  2  40715 12 3577.675 1.670 13
  2  40715 13   18.300 1.717 12
  2  40715 13   62.500 1.741 10
  2  40715 13  107.700 1.912 12
  2  40715 13  161.775 2.161 10
  2  40715 13  177.125 1.766 16
  2  40715 13  184.725 1.830 17
  2  40715 13  194.100 1.916 16
  2  40715 13  202.700 1.924 12
  2  40715 13  240.375 1.857 12
  2  40715 13  251.275 2.202 11
  2  40715 13  300.050 1.773 19
  2  40715 13  316.150 1.936 11
  2  40715 13  322.000 1.831 21
  2  40715 13  328.400 1.698 15
  2  40715 13  342.250 1.859 19
246  40715 13  346.525 1.681 12
  2  40715 13  397.250 1.648 16
  2  40715 13 1533.950 1.869 14
  2  40715 13 2681.925 2.010 13
  2  40715 13 2734.175 1.847 13
  2  40715 13 2739.400 1.866 14
  2  40715 13 2749.350 1.908 12
  2  40715 13 2756.725 1.799 21
246  40715 13 2760.975 1.867  5
  2  40715 13 2772.875 1.974 18
  2  40715 13 2777.625 1.833 12
  2  40715 13 2786.175 1.973 18
  2  40715 13 2801.675 1.869 20
  2  40715 13 2813.000 1.821 21
  2  40715 13 2960.150 1.944 10
  2  40715 13 2972.725 1.961 23
  2  40715 13 3011.400 1.880 20
  2  40715 13 3055.525 1.896 21
  2  40715 16 1952.825 1.754 13
  2  40715 18 3390.550 1.712  9
  2  40715 20 1283.300 1.571  9
  2  40715 20 1426.575 1.604 14
  2  40715 20 1677.550 1.664 11
  2  40715 20 1769.450 1.749 14
  2  40715 20 1796.325 1.762  7
  2  40715 20 1807.375 1.764 11
  2  40715 20 1841.625 1.733 11
  2  40715 20 1855.925 1.978 15
  2  40715 20 1871.025 1.849 11
246  40715 20 1905.950 1.743 13
  2  40715 20 1913.000 1.706 12
  2  40715 20 1949.125 1.703 15
246  40715 20 1953.375 1.799  8
  2  40715 20 1964.900 1.832 14
  2  40715 20 2039.300 1.724 19
  2  40715 20 2049.375 1.792 10
  2  40715 20 2108.350 1.663 11
  2  40715 20 2116.525 1.770 15
246  40715 22 1748.750 1.717  8
  2  40715 22 1803.325 1.919 14
  2  40715 22 1825.400 1.793  8
  2  40715 22 1842.700 1.679 15
  2  40715 22 1852.300 1.786 10
  2  40715 22 1866.650 1.733 12
  2  40715 22 1900.600 1.606 14
  2  40715 22 1910.525 1.642 16
246  40715 22 1912.850 1.707 16
  2  40715 22 1926.550 1.627 13
  2  40715 22 1937.425 1.667 16
  2  40715 22 1944.250 1.802 18
  2  40715 22 1959.500 1.544 16
  2  40715 22 1966.400 1.633 18
  2  40715 22 1980.850 1.655 16
  2  40715 22 1992.450 1.641 20
  2  40715 22 2000.800 1.779 22
  2  40715 22 2007.150 1.925 24
  2  40715 22 2012.375 1.864 14
  2  40715 22 2016.650 1.808 13
  2  40715 22 2033.950 1.782 12
  2  40715 22 2042.200 1.646 13
  2  40715 22 2054.550 1.777 16
  2  40715 22 2066.725 1.657 18
  2  40715 22 2076.550 1.693 17
  2  40715 22 2081.750 1.653 11
  2  40715 22 2089.950 1.541 16
  2  40715 22 2100.050 1.746 19
  2  40715 22 2120.175 1.748 20
  2  40715 22 2124.700 1.598 15
  2  40715 22 2138.975 1.681 15
  2  40715 22 2155.950 1.800 16
  2  40715 22 2199.525 1.696 15
  2  40715 22 2218.425 1.750 17
  2  40715 22 2255.625 1.722 13
  2  40715 22 2287.500 1.793 10
  2  40715 22 2327.800 1.635 13
  2  40715 22 2344.000 1.835 20
  2  40715 22 2351.575 1.666 17
  2  40715 22 2359.475 1.753 20
  2  40715 22 2411.975 1.743  9
246  40715 22 2438.900 1.743  7
  2  40715 22 2442.450 1.614 12
246  40715 22 2755.750 1.818 14
  2  40715 22 2808.700 1.826 12
  2  40715 22 2880.000 1.694 12
  2  40715 22 2905.100 1.689 20
  2  40715 22 2991.275 1.717 16
  2  40715 22 3008.700 1.855 13
246  40715 22 3015.400 1.903 11
  2  40715 22 3018.250 1.771 19
246  40715 22 3022.325 1.740 16
  2  40715 22 3028.600 1.860 11
  2  40715 22 3038.650 1.782 12
  2  40715 22 3048.575 1.846 10
  2  40715 22 3055.950 1.914 22
  2  40715 22 3158.975 1.795 11
  2  40715 22 3176.900 1.869 10
  2  40715 22 3186.700 1.791 15
  2  40715 22 3219.100 1.680 10
  2  40715 22 3229.500 1.628 12
  2  40715 22 3246.500 1.716 19
  2  40715 22 3589.725 1.870 10
  2  40715 23  145.300 1.825 13
246  40715 23  156.500 1.813 12
  2  40715 23  174.575 2.154 25
  2  40715 23  188.375 1.831 20
  2  40715 24  773.700 1.842  5
  2  40715 24  897.775 1.730 13
  2  40715 24  964.675 1.802 10
  2  40715 24 1032.200 1.799 14
  2  40715 24 1070.400 1.665 10
  2  40715 24 1098.475 1.732 12
  2  40715 24 1265.875 1.690 13
  2  40715 24 1642.100 1.935 20
  2  40715 24 1651.625 1.926 14
  2  40715 24 1657.400 1.857 22
  2  40715 24 1672.275 1.762  9
  2  40715 24 1681.725 1.851 27
  2  40715 24 1686.725 1.900 10
  2  40715 24 1693.050 1.808 17
  2  40715 24 1701.325 2.003 24
246  40715 24 1707.150 1.818 13
  2  40715 24 1715.500 1.827 13
  2  40715 24 1744.800 1.937 16
  2  40715 24 1974.525 1.886 20
  2  40715 24 1978.900 1.877  8
  2  40715 24 1988.350 1.799 11
  2  40715 24 1995.850 1.826 14
  2  40715 24 2013.925 1.759 12
  2  40715 24 2119.675 1.876 10
  2  40715 24 2173.225 1.997 15
  2  40715 24 2180.175 1.877 15
  2  40715 24 2245.550 1.935 11
  2  40715 24 2250.150 2.032 12
  2  40715 24 2287.250 2.076 20
  2  40715 24 2291.725 2.027 16
  2  40715 24 2328.550 1.953 11
  2  40716  2 1022.825 1.685  9
246  40716  2 1939.450 2.140 11
246  40716  2 2052.425 1.623 10
246  40716  3 2724.925 1.741  7
246  40716  3 2757.775 1.797  9
246  40716  3 2781.975 1.857 12
  2  40716  3 2829.550 1.837 12
  2  40716  3 2841.650 1.807 11
246  40716  3 2849.875 1.862 11
  2  40716  3 2879.325 1.886  8
  2  40716  3 2886.875 1.948 13
  2  40716  3 2893.925 1.758 12
  2  40716  3 2918.000 1.825 16
  2  40716  3 2933.750 1.751 13
  2  40716  3 2959.725 1.824 15
  2  40716  3 2967.150 1.899 11
  2  40716  3 3002.275 1.716 10
  2  40716  3 3141.225 1.845 11
  2  40716  3 3145.475 1.741 13
  2  40716  3 3162.500 1.744  7
  2  40716  3 3208.925 1.867 10
  2  40716  3 3424.100 1.755 19
  2  40716  3 3429.625 1.789 17
  2  40716  3 3441.850 1.877 22
  2  40716  3 3448.600 1.797 18
  2  40716  3 3460.100 1.716 18
  2  40716  3 3466.675 1.840 15
  2  40716  4    6.750 1.885  8
  2  40716  4   19.000 2.006 11
  2  40716  4   41.725 1.790 12
  2  40716  4  117.325 1.838  9
  2  40716  4  227.425 1.818 12
  2  40716  4  288.500 1.868  8
  2  40716  4  386.975 1.712 10
  2  40716  4  404.200 1.723 11
  2  40716  4  410.625 1.776 11
  2  40716  4  427.525 1.992 19
  2  40716  4  554.125 2.258 12
  2  40716  4  569.925 1.925 19
  2  40716  4  575.300 2.020 11
246  40716  4  580.450 1.876 18
  2  40716  4  581.975 1.963 12
  2  40716  4  589.225 1.790 18
  2  40716  4  599.000 2.014 14
  2  40716  4  622.750 1.919  6
  2  40716  4  733.075 1.508 10
  2  40716  4 1241.200 1.814 10
246  40716  5 1906.775 1.817 10
  2  40716  7 1720.425 1.883 10
  2  40716  7 2367.950 1.739 11
  2  40716  7 3045.825 1.605 11
  2  40716 14 2131.075 1.423 11
246  40716 23 2385.375 1.403  8
  2  40716 24  350.825 1.648 10
  2  40717  1 1525.225 1.898 12
  2  40717  1 2319.750 1.785 13
  2  40717  1 2369.350 1.888 10
  2  40717  1 2408.775 1.964 12
  2  40717  1 2539.325 1.934 20
  2  40717  1 2717.700 2.080 10
246  40717  1 2758.050 1.713 17
  2  40717  1 2761.475 1.739 12
  2  40717  1 2768.550 1.755 14
  2  40717  1 2781.175 1.823 15
  2  40717  1 2789.075 1.746 13
  2  40717  1 2860.850 1.783 15
  2  40717  1 2870.425 1.786 17
  2  40717  1 2898.725 1.751 12
  2  40717  1 2905.450 1.693 12
  2  40717  1 3025.000 1.740 13
246  40717  1 3045.400 1.794 10
  2  40717  1 3056.550 1.838 18
246  40717  1 3116.925 1.594  9
  2  40717  1 3199.650 1.959 21
  2  40717  1 3213.650 1.909 13
246  40717  1 3266.350 1.776  8
  2  40717  1 3270.200 1.772 12
  2  40717  1 3323.850 2.071 13
  2  40717  1 3365.450 1.980 13
  2  40717  1 3371.725 1.787 11
  2  40717  1 3527.075 1.953 13
246  40717  2  579.875 1.753 13
  2  40717  2  609.925 1.689 11
246  40717  2  620.575 1.835 10
  2  40717  2  630.900 1.872 16
  2  40717  2  638.800 1.815 12
  2  40717  2  648.500 1.903 22
  2  40717  2  657.875 1.876 15
  2  40717  2  670.800 1.862 17
  2  40717  2  690.200 1.921 15
246  40717  2  831.225 1.903 11
  2  40717  2 1242.850 2.102  8
  2  40717  2 1254.600 2.026 11
  2  40717  2 1262.750 2.315 11
  2  40717  2 1274.675 2.138 15
  2  40717  2 1288.425 2.052 16
  2  40717  2 1295.150 1.995 14
246  40717  2 1312.750 1.989  8
  2  40717  2 1327.000 1.895 16
  2  40717  2 2589.750 1.797 10
  2  40717  2 2607.050 1.717 16
  2  40717  2 2616.050 1.747 16
  2  40717  2 2622.300 1.840 24
  2  40717  2 2630.925 1.789 19
  2  40717  2 2644.200 2.035 13
  2  40717  2 2652.075 1.886 10
  2  40717  2 2661.775 1.873 12
  2  40717  2 3387.025 1.783 12
  2  40717  2 3425.800 1.798  9
  2  40717  2 3481.675 1.691 10
  2  40717  2 3519.175 1.713  8
246  40717  3   72.350 2.151  9
246  40717  3  173.025 1.834 13
  2  40717  3  314.500 1.729 12
246  40717  3  358.050 1.776 11
  2  40717  3  622.250 1.866 14
  2  40717  3 1603.275 1.890  8
246  40717  3 1626.700 1.650 12
  2  40717  3 1642.375 1.546 12
  2  40717  3 1691.375 1.629 12
  2  40717  3 1733.275 1.598 13
  2  40717  3 1746.975 1.694 23
  2  40717  3 1761.575 1.600 14
246  40717  3 1771.100 1.642  9
  2  40717  3 1774.525 1.550 16
246  40717  3 1781.800 1.710 11
  2  40717  3 1791.850 1.787 14
  2  40717  3 1803.425 1.864 28
  2  40717  3 1819.825 1.667 12
  2  40717  3 1824.100 1.792 11
  2  40717  3 1832.575 1.651 20
  2  40717  3 1841.625 1.718 17
  2  40717  3 1847.175 1.794 18
  2  40717  3 1851.625 1.626 17
  2  40717  3 1860.000 1.807 18
  2  40717  3 1913.775 1.515 11
  2  40717 10  175.875 1.606 14
  2  40717 10 1049.400 1.728  9
  2  40717 22 2265.625 1.466 13
  2  40717 23 1520.975 1.814 10
246  40717 23 1622.075 1.590 11
  2  40718  5 3456.650 1.829 13
  2  40718  6 1887.950 1.995  9
  2  40718  9  430.800 1.637 12
  2  40718  9 1249.000 1.669  8
246  40718 15  140.900 1.425 11
  2  40718 15  243.200 1.547 14
  2  40718 15  395.250 1.600 13
  2  40718 15  409.800 1.587 10
  2  40718 15  472.975 1.667  6
  2  40718 15  531.675 1.643 10
  2  40718 15  550.150 1.583 15
246  40718 15  571.625 1.963  8
  2  40718 15  647.575 1.494 10
  2  40718 15  755.200 1.603 13
  2  40718 15  764.825 1.602 13
  2  40718 15  796.150 1.761  6
246  40718 15  814.425 1.734  8
  2  40718 15  842.650 1.523 10
  2  40718 15  892.725 1.603 12
  2  40718 15  947.725 1.590 13
  2  40718 15 1089.500 1.538 12
  2  40718 15 1147.375 1.430 12
246  40718 15 1152.075 1.488 12
  2  40718 15 1153.950 1.516 10
  2  40718 15 1168.625 1.634 20
  2  40718 15 1201.400 1.699 10
  2  40718 15 1229.875 1.549 17
  2  40718 15 1235.375 1.581 19
  2  40718 15 1253.075 1.405 12
  2  40718 15 1273.375 1.633 16
  2  40718 15 1288.650 1.629 16
  2  40718 15 1501.025 1.559 12
  2  40718 15 1655.775 1.470 12
246  40718 15 2325.200 1.789  9
246  40718 18 1146.775 1.768 11
  2  40718 18 1287.600 1.845 12
  2  40718 18 1481.125 1.633 17
  2  40718 18 1501.025 1.685 11
246  40718 18 1504.150 1.568 14
  2  40718 22 2946.000 1.974 12
  2  40719  1 3365.775 1.732  9
246  40719  2 1894.650 1.785  7
  2  40719  2 3368.525 1.777 11
  2  40719  2 3437.150 2.005 14
246  40720 15  661.150 1.686  9
  2  40721  7  337.400 1.558 14
246  40721 18  389.200 2.064  8
  2  40721 18 1614.350 1.974  7
  2  40722  3 3594.500 1.626  9
  2  40723 14 3504.525 1.913  9
246  40723 16  471.575 1.812  9
  2  40724  4 3289.000 1.650  9
  2  40724 19  260.250 1.489  8
  2  40724 19 2256.650 1.739 12
246  40724 19 2666.950 1.870 10
  2  40725  6  817.025 1.620 10
