  2  50911  4 2740.975 1.604 10
  2  50911  4 3409.625 1.401 15
  2  50911  5   19.625 1.376 14
  2  50911  5  160.700 1.499 10
  2  50911  5  179.300 1.465 14
  2  50911  5  202.125 1.389 13
  2  50911  5  233.375 1.360 14
  2  50911  5  249.525 1.370 10
  2  50911  5  263.650 1.464 14
  2  50911  5  275.475 1.485 12
  2  50911  5  289.125 1.366 14
  2  50911  5  301.850 1.470 18
  2  50911  5  307.325 1.384 10
246  50911  5  355.575 1.522 15
246  50911  5  659.200 1.528 10
  2  50911  5  727.750 1.429  7
  2  50911  5  761.425 1.487 12
  2  50911  5  801.975 1.482 14
  2  50911  5 1013.950 1.527 13
  2  50911  5 1057.125 1.570 12
  2  50911  5 1211.975 1.407 11
  2  50911  5 1226.850 1.511 11
  2  50911  5 1384.225 1.579 15
  2  50911  5 1438.600 1.475 15
246  50911  5 1453.725 1.455 10
  2  50911  5 1578.475 1.419 12
  2  50911  5 1603.525 1.587 11
  2  50911  5 1776.225 1.516 14
  2  50911  5 1799.675 1.596 15
  2  50911  5 1845.875 1.546 14
  2  50911  5 2081.925 1.647 12
246  50911  5 2782.225 1.434  9
  2  50911  5 3105.425 1.644 13
  2  50911  5 3120.075 1.606 14
246  50911  5 3122.775 1.603 10
  2  50911  5 3136.325 1.637 23
  2  50911  5 3170.000 1.626 12
  2  50911  6   86.025 1.605 13
  2  50911  6   93.725 1.617  9
  2  50911  6  104.250 1.690 20
  2  50911  6  160.550 1.487 13
  2  50911  6  164.825 1.522  9
  2  50911  6  273.975 1.685 10
  2  50911  6  312.200 1.760 11
  2  50911  6 1371.600 1.635 19
  2  50911  6 1380.800 1.659 10
  2  50911  6 1392.450 1.583  9
  2  50911  6 2111.250 1.765 24
  2  50911  6 2120.850 1.600 13
  2  50911  6 3121.975 1.428 12
  2  50911  6 3150.250 1.472 15
  2  50911  6 3193.750 1.517 14
  2  50911  6 3199.300 1.486  9
  2  50911  6 3207.125 1.581 21
  2  50911  6 3218.950 1.677 12
  2  50911  6 3230.000 1.611 16
  2  50911  6 3254.600 1.550  9
  2  50911  6 3272.225 1.627 12
246  50911  6 3280.925 1.525  9
  2  50911  6 3294.875 1.565 12
  2  50911  6 3307.950 1.659 10
  2  50911  6 3327.725 1.509 19
  2  50911  6 3364.950 1.445 15
  2  50911  7   75.875 1.665 14
  2  50911  7  115.025 1.647 12
  2  50911  7  130.825 1.643 15
  2  50911  7  139.250 1.725 20
  2  50911  7  241.425 1.707 14
  2  50911  7  386.450 1.804  9
  2  50911  7  678.500 1.639 16
  2  50911  7  933.625 1.760 12
  2  50911  7  956.700 1.838  9
246  50911  7 1864.375 1.717  8
  2  50911  7 2142.400 1.534 18
  2  50911  7 2152.250 1.592 13
  2  50911  7 2165.850 1.487 11
  2  50911  7 2182.350 1.512 12
246  50911  7 2766.250 1.456  7
  2  50911  7 2812.775 1.590 23
  2  50911  7 2826.400 1.695 15
  2  50911  7 2847.125 1.461 13
  2  50911  7 2886.975 1.487 15
  2  50911  7 2911.950 1.785 26
  2  50911  7 2927.350 1.619 15
246  50911  7 3002.700 1.569  9
  2  50911  8  296.175 1.364 13
  2  50911  8  311.000 1.340  9
  2  50911  8  409.550 1.240  7
246  50911  8  426.375 1.453 14
  2  50911  8  434.200 1.446 10
  2  50911  8  463.600 1.327 15
  2  50911  8  560.500 1.386 15
  2  50911  8  982.925 1.450 10
  2  50911  8 2289.900 1.362 10
  2  50911  8 2320.925 1.468 10
  2  50911  8 2346.825 1.543 16
  2  50911  8 2351.825 1.410 12
  2  50911  8 2357.475 1.559  8
  2  50911  8 2371.800 1.462 15
  2  50911  8 2393.300 1.559  9
  2  50911  8 2404.000 1.629 13
  2  50911  8 2426.575 1.596 19
  2  50911  8 2433.375 1.620 22
246  50911  8 2446.575 1.713 14
  2  50911  8 2451.550 1.750 14
  2  50911  8 2460.475 1.657 18
  2  50911  8 2482.925 1.524 15
  2  50911  8 2529.850 1.568 11
  2  50911  8 2605.825 1.451 12
  2  50911  8 2611.600 1.494 14
  2  50911  8 2632.900 1.546 10
  2  50911  8 2680.975 1.445 14
  2  50911  9  538.375 1.667  8
246  50911  9 1541.250 1.377  7
  2  50911  9 1638.600 1.383 13
  2  50911  9 1771.800 1.392 13
  2  50911  9 1819.625 1.441 11
  2  50911  9 1857.900 1.491 16
  2  50911  9 1880.950 1.675  8
  2  50911  9 1908.225 1.558 16
  2  50911  9 1925.775 1.518  8
  2  50911  9 1989.450 1.660 17
  2  50911  9 2002.100 1.560 14
246  50911  9 2007.025 1.451 10
  2  50911  9 2021.650 1.774  8
  2  50911  9 2062.000 1.626 16
  2  50911  9 2083.250 1.665  9
  2  50911  9 2105.525 1.617 15
  2  50911  9 2116.825 1.492 11
  2  50911  9 2264.525 1.640 15
  2  50911  9 2628.375 1.419  9
  2  50911  9 2741.800 1.437 13
  2  50911  9 2759.850 1.688 12
246  50911 10  192.325 1.532 10
246  50911 10 2185.600 1.420 13
  2  50911 10 2286.500 1.630 12
  2  50911 10 2307.525 1.466 15
  2  50911 10 2340.800 1.463 13
  2  50911 10 2349.650 1.534 16
  2  50911 10 2365.450 1.495 11
  2  50911 10 2424.200 1.427 15
  2  50911 10 2459.825 1.458 20
  2  50911 10 2477.625 1.279 12
  2  50911 10 2485.450 1.322 15
  2  50911 10 2540.400 1.420 12
  2  50911 10 3180.450 1.591 18
  2  50911 10 3213.125 1.458 23
  2  50911 10 3226.200 1.330 20
  2  50911 10 3240.075 1.343 16
  2  50911 10 3257.725 1.376 23
  2  50911 10 3265.725 1.348 19
  2  50911 10 3291.225 1.450 10
  2  50911 10 3301.725 1.348 17
  2  50911 10 3310.175 1.530 19
  2  50911 10 3316.800 1.506 18
246  50911 10 3321.275 1.464 10
  2  50911 10 3323.475 1.468 15
  2  50911 10 3337.525 1.433 12
  2  50911 10 3341.700 1.414 20
  2  50911 10 3349.500 1.435  9
  2  50911 10 3358.550 1.278 18
  2  50911 10 3370.600 1.444  6
  2  50911 10 3376.850 1.418 19
  2  50911 10 3385.550 1.554 26
  2  50911 10 3407.650 1.623 19
  2  50911 10 3421.525 1.458 14
  2  50911 10 3450.225 1.560 22
  2  50911 10 3457.025 1.503 14
  2  50911 11 1453.900 1.660 17
  2  50911 11 1460.275 1.578 17
  2  50911 11 1487.475 1.455 12
  2  50911 11 1520.800 1.446  8
246  50911 14 2372.100 1.538  9
  2  50911 14 2556.075 1.567 13
  2  50911 14 2563.025 1.790 14
  2  50911 14 2567.950 1.564  7
  2  50911 14 2627.875 1.535 15
  2  50911 14 2688.325 1.562 11
  2  50911 14 2732.250 1.612 23
  2  50911 14 2744.825 1.558 11
  2  50911 14 2764.350 1.655 14
  2  50911 14 2792.375 1.580 16
  2  50911 14 2847.950 1.674 18
  2  50911 14 2853.950 1.734 23
  2  50911 14 2903.825 1.403 12
  2  50911 14 2913.050 1.603 18
  2  50911 14 2925.800 1.746 20
  2  50911 14 2947.325 1.624 11
  2  50911 14 2958.050 1.859 24
  2  50911 14 2972.650 1.532 16
246  50911 14 2987.150 1.522 13
  2  50911 14 2990.000 1.574 10
  2  50911 14 3007.975 1.584 12
  2  50911 14 3022.900 1.639 16
  2  50911 14 3031.075 1.502 10
246  50911 14 3040.100 1.680 18
  2  50911 14 3045.125 1.658 20
246  50911 14 3052.100 1.645 11
  2  50911 14 3054.975 1.681 16
  2  50911 14 3059.450 1.570 12
  2  50911 14 3073.600 1.736 16
  2  50911 14 3111.575 1.614 10
  2  50911 14 3135.650 1.546  8
  2  50911 14 3151.950 1.501 12
  2  50911 14 3166.200 1.559 10
  2  50911 14 3180.850 1.507 14
  2  50911 14 3196.650 1.545 15
  2  50911 14 3209.450 1.460 11
  2  50911 14 3218.925 1.603 11
  2  50911 14 3228.675 1.421 10
  2  50911 14 3258.900 1.523 13
  2  50911 15  345.600 1.445  9
  2  50911 15  454.900 1.526 13
  2  50911 16  346.550 1.597 17
  2  50911 16  446.550 1.656 17
  2  50911 16  460.750 1.608 18
  2  50911 16  516.950 1.628  9
  2  50911 16  527.625 1.596 14
  2  50911 16  590.850 1.732 24
  2  50911 16  628.425 1.714 20
  2  50911 16  653.400 1.619 16
  2  50911 16  658.025 1.672 18
  2  50911 16  682.025 1.642  7
  2  50911 16  689.950 1.719 12
  2  50911 16  704.700 1.671 11
  2  50911 16  745.750 1.603 20
  2  50911 16 1130.700 1.754  9
  2  50911 16 1153.625 1.677 10
  2  50911 16 1252.700 1.795 10
  2  50911 16 1737.750 1.809  7
246  50911 16 1858.600 1.671 14
  2  50911 16 1864.025 1.721 13
  2  50911 16 1893.350 1.669 18
  2  50911 17  724.775 1.793 12
  2  50911 18 1081.800 1.721 12
246  50911 18 1162.100 1.681 14
  2  50911 18 1225.775 1.730 11
  2  50911 18 1331.400 1.802 14
  2  50911 18 1547.450 1.688 13
  2  50911 18 1638.000 1.713 10
  2  50911 18 1743.450 1.916  9
  2  50911 18 1750.850 1.830 13
  2  50911 19 1238.000 1.860 18
  2  50911 19 1248.500 1.819 13
  2  50911 19 1270.400 1.727 12
  2  50911 19 1283.775 1.837 15
  2  50911 19 1515.900 1.775 16
  2  50911 19 1535.300 1.849 14
  2  50911 19 1540.050 1.853 17
246  50911 19 1630.900 1.790 11
  2  50911 20  309.525 1.882  6
  2  50911 20  423.875 1.815 10
  2  50911 20  442.200 1.841 14
  2  50911 20  480.650 1.854 13
  2  50911 20  550.350 1.751 11
  2  50911 20  579.725 1.901  6
  2  50911 20  589.250 1.767  9
  2  50911 20  611.825 1.870 13
  2  50911 20  665.000 1.779 17
  2  50911 20 3202.775 1.783  7
  2  50911 21 1526.900 1.579 12
  2  50911 21 1534.650 1.757 12
  2  50911 21 1548.550 1.795  9
  2  50911 21 1559.600 1.694 12
246  50911 21 1564.500 1.721 12
  2  50911 21 1569.600 1.592 10
  2  50911 21 1580.825 1.748 10
  2  50911 21 1590.525 1.746 11
  2  50911 21 1600.350 1.674 12
246  50911 21 1607.550 1.761 16
  2  50911 21 1613.650 1.757 14
  2  50911 21 1628.175 1.770 15
246  50911 21 1642.600 1.709 13
  2  50911 21 1647.275 1.872  9
  2  50911 21 1658.900 1.785 10
  2  50911 21 1670.875 1.794 14
  2  50911 21 1694.750 1.728 16
  2  50911 21 1726.850 1.527 12
  2  50911 21 1736.250 1.743 20
  2  50911 21 1741.350 1.688 15
  2  50911 21 1748.875 1.725 19
  2  50911 21 1757.350 1.755 11
  2  50911 21 1773.700 1.791 11
  2  50911 23  644.325 1.566 12
  2  50911 23  730.175 1.781 12
  2  50911 23  745.725 1.802 16
  2  50911 23  788.100 1.710 14
  2  50911 23  839.175 1.808 27
  2  50911 23  853.000 1.565 18
  2  50911 23  882.800 1.619 23
  2  50911 23  895.700 1.767 10
246  50911 23  917.400 1.680 14
  2  50911 23  922.100 1.781 16
  2  50911 23  940.400 1.622 14
  2  50911 23  949.000 1.623 15
  2  50911 23  953.750 1.830 17
  2  50911 23  976.625 1.637 15
  2  50911 23  983.100 1.755 15
  2  50911 23 1057.600 1.686 16
  2  50911 23 1137.850 1.912 22
  2  50911 23 1143.800 1.838 18
  2  50911 23 1289.600 1.770 10
  2  50911 23 1300.775 1.682  7
246  50911 23 1346.450 1.817  6
  2  50911 23 1386.350 1.707  8
  2  50911 23 1413.875 1.774 10
  2  50911 23 1481.150 1.660 13
  2  50911 23 1488.025 1.687 10
  2  50911 23 1796.550 1.628 12
  2  50911 23 1815.275 1.741 14
  2  50911 23 1833.750 1.664 16
  2  50911 23 3505.600 1.792  8
  2  50911 24   75.625 1.721 11
  2  50911 24  112.475 1.640 16
  2  50911 24  135.800 1.787 22
  2  50911 24  145.150 1.862 14
  2  50911 24  153.300 1.725  9
  2  50911 24  159.600 1.722 13
  2  50911 24  171.275 1.787 17
  2  50911 24  186.675 1.682 16
  2  50911 24  213.100 1.745 12
  2  50912  1 1012.825 1.723 20
  2  50912  1 1025.825 1.709 11
246  50912  2 1505.525 1.849  5
246  50912  2 1721.950 1.753 11
  2  50912  2 1765.175 1.682 12
  2  50912  2 1854.975 1.928 15
  2  50912  2 1864.875 1.794 17
  2  50912  2 1878.375 1.919 20
  2  50912  2 1884.350 1.849 15
  2  50912  2 1890.275 1.771 15
246  50912  2 1895.600 1.831 14
  2  50912  2 1900.675 1.829 14
  2  50912  2 1905.525 1.716 15
  2  50912  2 1913.625 1.805 13
  2  50912  2 1931.925 1.774 18
  2  50912  2 1937.725 1.883 21
246  50912  2 1944.550 1.763 19
  2  50912  2 1946.925 2.060 10
  2  50912  2 1957.375 1.804 24
  2  50912  2 1965.275 1.745  8
  2  50912  2 1978.975 1.826 17
  2  50912  2 1984.550 1.938 12
  2  50912  2 1998.975 1.829 16
  2  50912  2 2003.450 1.817 16
  2  50912  2 2012.575 1.847 21
  2  50912  2 2022.150 1.816 25
  2  50912  2 2052.500 1.736 13
  2  50912  2 2072.250 1.703 19
  2  50912  2 2079.000 1.827 13
  2  50912  2 2087.425 1.709 17
  2  50912  2 2121.100 1.926 12
  2  50912  2 2247.000 1.570  9
  2  50912  2 2356.800 1.724 10
  2  50912  2 2368.275 1.661  8
  2  50912  2 2910.800 1.709 14
  2  50912  2 3309.675 1.667 11
  2  50912  3  685.550 1.728 13
  2  50912  3  711.200 1.737  9
246  50912  3  722.400 1.789 11
  2  50912  3  832.150 1.775 11
  2  50912  3  869.675 1.897 14
  2  50912  3  893.675 1.918 17
  2  50912  3  902.300 1.921 16
246  50912  3 1115.200 2.132  7
246  50912  3 1237.600 2.108  9
  2  50912  3 1240.300 2.137 13
246  50912  3 1248.100 1.984 11
  2  50912  6 1019.750 1.879 24
  2  50912  6 1046.375 1.850 20
  2  50912  6 1064.525 1.823 16
  2  50912  6 1108.000 1.816 15
  2  50912  6 1141.925 1.841 15
  2  50912  6 1147.325 1.783 13
  2  50912  6 1157.750 1.846 23
  2  50912  6 1178.100 1.967 16
246  50912  6 1191.325 1.889 13
  2  50912  6 1196.625 1.953 16
  2  50912  6 1209.125 1.921 17
  2  50912  6 1222.150 1.822 13
  2  50912  6 1247.025 2.033 19
  2  50912  6 2070.900 1.985 12
  2  50912  6 2078.925 1.879 14
  2  50912  6 2482.700 1.779 21
246  50912  6 3048.600 1.784 11
  2  50912  7 1316.100 1.816 12
  2  50912  7 1320.400 1.847 15
  2  50912  7 1327.525 1.904  8
  2  50912  7 1351.775 1.889 10
  2  50912  7 1361.650 1.961 16
  2  50912  7 1388.300 2.028 26
  2  50912  7 1396.200 1.890 22
  2  50912  7 1402.450 1.874 15
  2  50912  7 1419.950 2.075 27
246  50912  7 1426.275 2.006 13
  2  50912  7 1454.450 1.750 14
  2  50912  7 1536.850 1.880 16
  2  50912  7 1606.150 1.875 10
  2  50912  7 1737.900 1.978 11
  2  50912  7 1772.000 1.827 13
  2  50912  8 2486.975 1.804 10
  2  50912  8 2513.875 1.667 11
  2  50912 10 2803.925 1.619 11
  2  50912 10 3045.550 1.754 10
  2  50912 10 3088.350 1.710 14
  2  50912 10 3100.650 1.727 10
  2  50912 10 3174.050 1.643 10
  2  50912 10 3269.375 1.710 13
  2  50912 10 3334.225 1.673 15
  2  50912 10 3385.975 1.600 14
  2  50912 10 3398.400 1.586 14
  2  50912 10 3421.075 1.561 13
  2  50912 10 3439.700 1.599 11
  2  50912 10 3455.575 1.599 11
  2  50912 10 3473.650 1.667 13
  2  50912 10 3503.325 1.746 19
  2  50912 10 3514.000 1.653  9
  2  50912 10 3521.925 1.680 16
246  50912 10 3560.200 1.543 15
  2  50912 10 3579.000 1.889 10
  2  50912 10 3586.675 1.504 12
  2  50912 11    0.700 1.688 11
  2  50912 11   20.000 1.573 11
  2  50912 11   55.325 1.832 18
246  50912 11   97.500 1.630 10
  2  50912 11  102.250 1.565 11
  2  50912 11  224.075 1.787 14
  2  50912 11  253.725 1.643 11
  2  50912 12  192.450 1.638 11
  2  50912 13  156.425 1.630 11
  2  50912 13 3412.975 1.616 11
  2  50912 14 1710.800 1.614 10
246  50912 15  166.750 1.575 10
  2  50912 15  208.925 1.661 10
246  50912 15  326.850 1.532 14
  2  50912 15  432.900 1.616  8
  2  50912 15  558.225 1.593 13
  2  50912 15  637.600 1.750 10
  2  50912 15  714.400 1.692 10
  2  50912 15  741.575 1.808 15
  2  50912 15  804.900 1.622  9
  2  50912 15  813.450 1.632  9
  2  50912 15  827.650 1.742 14
  2  50912 15  842.450 1.632 11
  2  50912 15  854.500 1.533 10
  2  50912 15  902.275 1.655 14
246  50912 15  912.725 1.637  9
  2  50912 15  937.650 1.532 15
  2  50912 15  948.700 1.509 14
  2  50912 15  955.600 1.809 18
  2  50912 15  974.900 1.685 12
  2  50912 15  985.025 1.614 12
  2  50912 15 1016.475 1.618 20
  2  50912 15 1050.825 1.553 11
  2  50912 15 1087.850 1.704 27
  2  50912 15 1113.575 1.580 15
  2  50912 15 1123.775 1.715 15
  2  50912 15 1192.125 1.720  7
  2  50912 15 1206.300 1.763  8
  2  50912 15 1244.400 1.907 12
  2  50912 15 1292.150 1.931  7
246  50912 15 3429.600 1.688 11
  2  50912 15 3477.125 1.633 11
  2  50912 16  236.075 1.608 15
  2  50912 16  248.650 1.576 16
  2  50912 16  255.950 1.727 17
  2  50912 16  261.250 1.585 10
  2  50912 16  298.875 1.799 28
  2  50912 16  312.350 1.759 19
  2  50912 16  327.175 1.735 14
  2  50912 16  340.075 1.690 25
246  50912 16  341.850 1.647 27
  2  50912 16  355.525 1.887 21
  2  50912 16  363.000 1.869 11
  2  50912 16  384.425 1.525 10
  2  50912 16  539.400 1.573  8
  2  50912 16  546.375 1.736 16
  2  50912 16  552.775 1.601 11
  2  50912 16  676.325 1.419 11
  2  50912 16  891.950 1.506 11
  2  50912 16  904.150 1.564 12
  2  50912 16  927.375 1.645 10
246  50912 16  930.775 1.579  9
  2  50912 17 1200.350 1.727 12
  2  50912 17 1212.525 1.797 13
  2  50912 17 1293.450 1.730  6
  2  50912 17 1303.950 1.903 14
  2  50912 17 1390.750 1.621 12
  2  50912 17 1412.625 2.022 13
  2  50912 17 1431.300 1.867 12
  2  50912 17 1444.000 1.719 10
  2  50912 17 1456.875 1.878 16
  2  50912 17 1471.800 1.848 15
  2  50912 17 1479.925 1.646 18
  2  50912 17 1495.675 1.808 14
  2  50912 17 1501.950 1.815 12
  2  50912 17 1520.000 1.590 12
  2  50912 17 1529.475 1.684 12
  2  50912 17 1563.900 1.560 17
  2  50912 17 1571.150 1.613 12
  2  50912 17 1575.825 1.734 15
  2  50912 17 1589.375 1.942 22
  2  50912 17 1609.500 1.749 13
  2  50912 17 1616.850 1.567 19
  2  50912 17 1625.100 1.644 15
  2  50912 17 1634.675 1.716  9
  2  50912 17 1679.100 1.521 13
  2  50912 17 1797.250 1.748 11
  2  50912 18 1136.875 2.027  7
  2  50912 18 1151.250 1.942 19
  2  50912 18 1161.550 1.984 13
  2  50912 18 1179.350 1.840 13
  2  50912 18 1188.900 1.758 17
  2  50912 18 1197.625 1.827 13
  2  50912 18 1205.925 1.691 19
  2  50912 18 1221.625 1.689 17
  2  50912 18 1232.350 1.841 13
  2  50912 18 1243.975 1.970  8
  2  50912 18 1263.525 1.959 12
  2  50912 18 1288.625 2.019 12
  2  50912 18 1385.300 1.829 15
  2  50912 18 1434.950 1.777 12
  2  50912 18 1466.825 1.704 10
  2  50912 18 1642.325 1.650 10
  2  50912 18 2495.950 1.765 13
246  50912 18 2537.000 1.768  6
  2  50912 18 2562.200 1.819 12
  2  50912 18 2627.800 1.717 12
  2  50912 18 2632.050 1.720 13
  2  50912 18 2666.750 1.818 20
  2  50912 18 2677.000 1.821 15
  2  50912 18 2685.425 1.706 16
  2  50912 18 2694.975 1.779 11
  2  50912 18 2699.775 1.615 14
246  50912 18 2717.100 1.798 14
246  50912 18 2725.175 1.599 12
  2  50912 18 2734.500 1.809 15
  2  50912 18 3039.250 1.910 14
  2  50912 18 3090.925 1.729 16
  2  50912 19 3413.650 1.740  8
  2  50912 19 3474.500 1.648  9
246  50912 19 3508.600 1.556  9
  2  50912 19 3513.175 1.624 12
  2  50912 19 3524.675 1.698 19
  2  50912 19 3531.075 1.692 10
  2  50912 19 3549.750 1.733 13
  2  50912 19 3562.125 1.767 12
  2  50912 19 3571.275 1.734 18
  2  50912 19 3581.675 1.891 14
246  50912 19 3591.150 1.739 15
  2  50912 20    7.550 1.772 21
246  50912 20   25.450 1.757 17
  2  50912 20   27.625 1.727 20
  2  50912 20   33.150 1.792 10
246  50912 20   35.025 1.761 11
  2  50912 20   42.925 1.725 16
  2  50912 20   61.400 1.785 23
  2  50912 20   69.275 1.736 13
  2  50912 20   78.425 1.601 12
246  50912 20   95.700 1.679  7
  2  50912 20  136.550 1.792 17
  2  50912 21  241.075 1.945 11
246  50912 21 2169.900 1.854 11
246  50912 21 2497.325 1.720 12
  2  50912 21 3522.350 1.967  7
  2  50912 21 3550.750 2.070 10
  2  50912 21 3568.100 1.981 18
  2  50912 21 3578.075 2.160 20
  2  50912 21 3593.850 2.120 18
  2  50912 22   34.800 2.067 10
  2  50912 22   43.575 1.971 10
  2  50912 22  232.125 1.972 17
246  50912 23 3406.575 2.082  9
246  50913  2  107.775 1.647 11
246  50913  2  120.450 1.657 11
  2  50913  2  122.375 1.655 12
  2  50913  2  131.200 1.662 11
246  50913  2  141.175 1.765  7
246  50913  2  173.150 1.563 12
  2  50913  2  181.300 1.875 18
  2  50913  2  204.875 1.741 20
  2  50913  2  210.250 1.646 10
  2  50913  2  236.325 1.981 11
  2  50913  2  251.175 1.785 15
  2  50913  2  255.700 1.807 13
  2  50913  2  263.975 1.806 15
  2  50913  2  273.775 1.827 15
  2  50913  2  296.800 1.932 19
  2  50913  2  314.225 1.761 18
  2  50913  2  318.925 1.776 20
  2  50913  2  349.325 1.827 11
  2  50913  2  356.925 1.924 10
  2  50913  2  366.075 1.867 17
  2  50913  2  378.375 1.759  9
  2  50913  2  388.300 1.746 15
  2  50913  2  415.975 1.763 12
  2  50913  2  424.750 1.742 20
  2  50913  2  440.575 1.774  9
  2  50913  2  458.125 1.830 15
  2  50913  2  486.750 2.081 12
  2  50913  2  495.075 1.815 12
  2  50913  2  500.700 2.021 13
  2  50913  2  508.850 2.195 20
  2  50913  2  518.400 1.979 11
246  50913  2  666.350 1.896 10
246  50913  3 2007.850 1.739  5
246  50913  5  305.575 1.588 13
  2  50913  5 2139.575 1.502  8
246  50913  5 2292.375 1.504 10
  2  50913  5 2369.900 1.552 14
  2  50913 21 3464.575 1.667 12
  2  50913 23  230.975 1.938 11
  2  50913 23  345.550 1.966  8
  2  50913 23 2026.900 1.798 11
  2  50913 23 2100.925 1.782 15
  2  50913 23 2176.525 1.773 15
  2  50913 23 2219.250 1.787  8
246  50913 23 2258.875 1.886 13
  2  50913 23 2262.925 1.717 14
  2  50913 23 2376.425 1.799 13
  2  50913 23 2515.700 1.999 10
  2  50913 23 2573.575 1.903 17
  2  50913 23 2589.500 1.875  9
  2  50913 23 2665.125 1.890 10
246  50913 23 2893.425 1.743 12
  2  50913 23 3216.000 2.036  9
  2  50913 23 3345.250 1.782 14
  2  50913 23 3368.475 1.822 19
  2  50913 23 3382.000 1.870 17
  2  50913 23 3394.100 1.857 14
  2  50913 24 1279.675 1.774 13
  2  50913 24 1285.825 1.715 14
  2  50913 24 1913.100 1.893 13
  2  50913 24 1953.150 1.924  9
  2  50913 24 1968.900 2.124 18
  2  50913 24 1981.475 2.072 17
  2  50913 24 1998.075 1.956 10
  2  50913 24 2004.825 2.146 12
  2  50913 24 2055.400 1.973 13
  2  50913 24 2074.525 1.828 11
  2  50913 24 2092.275 2.114 13
  2  50913 24 2303.100 1.964 10
  2  50913 24 2402.025 1.867 15
  2  50913 24 3469.900 1.786  9
  2  50914  1 2717.575 1.621  9
246  50914  1 2762.375 1.676 11
246  50914  1 2789.350 1.720  9
  2  50914  1 2824.950 1.728 14
  2  50914  1 2834.325 1.818 13
  2  50914  1 2842.500 1.884  5
  2  50914  3 2402.425 1.603 13
246  50914  3 3018.075 1.575  8
246  50914  9 3514.600 1.607  9
  2  50914 11 3335.475 1.708  9
  2  50914 12  885.700 1.534 11
246  50914 12 2024.000 1.577  9
  2  50914 13 3052.750 1.521 13
  2  50914 17  750.325 1.723  9
246  50914 20 1110.875 1.758  5
  2  50914 20 1152.050 1.884 10
  2  50914 24 1740.075 1.903  7
  2  50915  7  930.200 1.715 11
246  50915  7 3550.225 1.703  6
246  50915  8   70.150 1.652  6
  2  50915 15  787.425 1.499  4
246  50915 21  726.725 1.804  8
  2  50916  1  557.100 1.679  6
  2  50916  1 2612.850 1.646  7
  2  50916  2 2276.200 1.983  9
246  50916  2 3096.400 1.660  8
  2  50916  3 1117.125 1.796  8
  2  50916  3 2450.425 1.765 12
246  50916  4 3461.675 1.485 10
246  50916  5   91.925 1.839  6
  2  50916  7 2897.325 1.764 11
246  50916 12 2466.525 1.576 11
  2  50916 16  331.700 1.669  6
  2  50916 20 2465.450 1.795  5
  2  50917  4 1892.175 1.633  6
  2  50917 10  579.100 1.912  8
  2  50917 12  301.075 1.849 10
  2  50917 12 1742.175 1.982  8
246  50917 12 1889.300 1.844  7
  2  50917 12 1942.875 1.744 13
  2  50917 12 2021.550 1.871 12
  2  50917 12 2039.100 1.837 10
246  50917 12 2082.650 1.759 15
  2  50917 12 2086.225 1.698 12
  2  50917 12 2190.750 1.802 10
  2  50917 12 2241.825 1.864  9
  2  50917 12 2264.175 1.795 11
  2  50917 12 2294.625 1.791 13
  2  50917 12 2517.900 2.052 16
  2  50917 13   44.525 1.757 14
  2  50917 13   58.300 1.746 15
  2  50917 13  104.900 1.864 24
  2  50917 13  112.125 1.911 17
  2  50917 13  142.200 1.936 15
  2  50917 13  641.700 1.628  5
  2  50917 13  745.875 1.695 14
  2  50917 15  538.600 1.716 16
  2  50917 15  671.750 1.666  9
  2  50917 15  726.475 1.830 10
  2  50917 15  894.775 1.752 15
246  50917 15 1008.000 1.699 12
  2  50917 15 1015.075 1.885 22
  2  50917 15 1034.475 1.950 21
246  50917 15 1039.525 2.000 15
  2  50917 15 1052.125 1.784 12
  2  50917 15 1060.700 1.762 12
246  50917 15 1109.700 1.878 15
  2  50917 15 1111.575 1.788 10
246  50917 15 1115.650 1.807 16
  2  50917 15 1121.125 1.787 12
  2  50917 15 1142.425 1.698 11
  2  50917 15 1228.650 1.768 13
  2  50917 15 1273.725 1.805 15
  2  50917 15 1279.450 1.903 14
  2  50917 15 1287.225 1.762 12
  2  50917 15 1304.575 1.650 12
  2  50917 15 1366.300 1.774 11
  2  50917 15 1430.400 1.890 11
  2  50917 15 1447.675 1.813 13
  2  50917 15 1469.300 1.872  9
  2  50917 15 1648.500 1.923 11
  2  50917 15 1873.150 1.934 14
  2  50917 15 1884.775 2.025 21
  2  50917 15 1895.625 2.002 27
  2  50917 15 1904.800 1.857 19
  2  50917 15 1911.300 1.802 16
  2  50917 15 1915.425 1.898 16
  2  50917 15 1943.825 1.767 14
  2  50917 15 1983.325 1.790 15
  2  50917 16 2706.125 1.654 11
246  50917 16 3581.175 1.438  6
