1 24.5750 24.3250 24.5250 
2 22.8000 22.9500 22.7000 
3 22.7250 22.7250 22.7250 
5 24.6750 24.8750 24.5500 
6 25.6200 25.7500 25.5000 
7 23.8000 23.6750 23.6750 
10 24.9750 24.8250 24.9500 
12 23.5500 23.6750 23.5500 
15 25.9250 26.0500 26.0500 
17 25.3250 25.4750 25.4750 
19 23.9000 24.0500 23.7750 
20 27.1500 27.3250 27.1750 
21 24.0000 24.1250 23.9000 
22 23.9000 24.0000 23.8000 
23 19.9000 20.0500 19.8000 
26 20.6500 20.7750 20.7750 
30 28.2750 28.2750 28.2750 
31 25.7750 25.9250 25.8500 
32 24.3250 24.3250 24.4250 
34 22.2000 22.2000 22.2000 
36 21.8000 21.9250 21.9250 
37 24.7750 24.9750 24.8000 
38 24.3000 24.3750 24.4500 
40 22.1500 22.2250 22.0750 
41 22.8500 22.8500 22.8500 
43 24.7250 24.9500 24.6250 
45 25.9000 26.6000 26.6000 
47 23.5000 23.6750 23.4000 
49 23.7750 23.8000 23.8750 
52 27.0750 27.1750 27.0500 
53 24.1000 24.2250 24.0000 
55 19.8250 20.0250 19.7250 
58 25.9250 26.0750 26.0750 
61 20.8500 20.8500 20.8500 
62 25.8500 26.0500 25.6500 
63 27.9500 27.9000 28.1750 
65 24.0250 24.1250 24.0000 
66 24.7250 24.6500 24.7250 
68 24.5500 24.7250 24.4250 
70 24.5000 24.6000 24.5000 
74 24.0750 24.2000 24.1000 
76 25.1750 25.1000 25.2750 
78 25.1000 25.1750 25.0250 
99 25.3750 25.4750 25.2500 
101 24.8250 25.0250 24.6750 
102 25.9750 26.1000 26.1000 
113 27.4500 27.5750 27.4500 
121 26.1500 26.3000 26.3000 
125 24.0750 24.3500 23.9500 
127 23.1750 23.2000 23.2000 
132 25.9250 25.3800 26.0250 
141 25.5000 25.6500 25.3000 
142 23.2000 23.3750 23.5500 
144 26.1000 26.2500 26.2500 
145 23.1000 23.2000 23.2000 
147 25.2500 25.4000 25.4000 
152 24.9000 25.1250 24.7750 
154 23.5250 23.5500 23.6500 
156 23.2250 23.3000 23.1250 
158 26.1250 25.9500 26.1000 
159 23.1500 23.0250 23.0250 
162 19.6750 19.7500 19.6500 
176 25.1500 25.3500 25.1500 
181 23.1750 23.2500 23.1000 
191 25.8000 26.0250 25.6750 
230 31.2500 31.0750 31.8500 
231 30.0500 29.9500 30.1500 
232 31.0200 31.1500 30.8500 
233 32.0200 32.1500 31.8500 
234 29.8250 29.6500 29.8000 
240 23.2250 23.2750 23.2000 
241 23.9750 24.0750 24.0750 
242 27.3500 27.4500 27.4500 
243 23.5500 23.6500 23.5500 
244 24.5000 24.5750 24.4250 
245 23.8000 23.9250 23.6750 
246 24.0000 24.1500 23.9000 
247 25.4500 25.5250 25.5250 
248 25.5250 25.6000 25.6000 
250 23.8000 23.8750 23.8250 
251 25.4250 25.5000 25.2750 
252 24.3750 24.6000 24.2500 
253 25.1500 25.3250 25.0500 
254 24.0750 24.1500 23.9750 
255 23.6500 23.7500 23.6750 
256 25.8500 25.9750 25.9000 
257 26.7250 26.8750 26.8750 
258 29.8000 29.9500 29.9500 
259 31.2000 31.3250 30.9750 
260 28.8000 28.9000 28.6750 
