1 48.4188 -123.912 32.66
2 48.4218 -123.589 34.97
3 48.1852 -123.52 30.08
4 48.523 -123.787 35.81
5 48.4797 -123.801 34.97
6 48.4583 -123.94 32.15
7 48.1782 -123.698 30.47
8 48.5297 -123.78 36.7
9 48.5248 -123.909 33.78
10 48.3273 -123.786 31.59
11 48.5245 -123.936 33.18
12 48.7798 -123.724 42.28
13 48.4578 -123.801 33.57
14 48.61 -123.703 40
15 48.4827 -123.983 32.17
16 48.6743 -124.108 36.92
17 48.5318 -123.867 34.39
18 48.4638 -123.784 34.01
19 48.3898 -123.725 33.08
20 48.6038 -124.141 36.13
21 48.401 -123.744 33.23
22 48.6712 -123.708 40.21
23 48.2863 -123.102 41.74
24 48.613 -123.704 39.66
25 48.485 -123.873 32.99
26 48.3522 -123.204 40.07
27 48.4852 -124.017 31.54
28 48.4318 -123.64 34.38
29 48.2133 -123.455 33.13
30 48.605 -124.337 33.33
31 48.8238 -124.041 38.7
32 48.1792 -123.787 29.6
33 48.348 -123.782 33.46
34 48.2192 -123.428 33.56
35 48.6053 -123.704 39.67
36 48.2747 -123.418 34.12
37 48.5567 -123.78 36.55
38 48.271 -123.743 30.92
39 48.5417 -123.781 37.12
40 48.6302 -123.547 41.09
41 48.2077 -123.499 31.03
42 48.4225 -123.909 32.4
43 48.46 -123.793 33.81
44 48.5427 -123.787 36.36
45 48.3497 -123.865 31.32
46 48.4247 -123.585 35.03
47 48.4257 -123.655 34.32
48 48.4615 -123.791 34.01
49 48.249 -123.699 31.05
50 48.7128 -123.752 39.13
51 48.4603 -123.791 33.83
52 48.61 -124.094 38.14
53 48.6747 -123.707 40.01
54 48.1808 -123.702 31.1
55 48.2757 -123.105 41.24
56 48.3417 -123.803 31.77
57 48.5818 -124.299 34.98
58 48.5257 -123.923 33.55
61 48.2098 -123.102 40.29
62 48.6207 -123.989 37.54
63 48.6047 -124.134 35.85
64 48.7663 -124.136 32.93
65 48.6025 -123.706 39.84
66 48.1968 -123.835 29.51
67 48.5453 -123.785 37.01
68 48.5445 -123.789 36.36
69 48.4928 -123.859 33.64
70 48.7115 -123.747 39.85
71 48.4255 -123.655 34.48
72 48.2137 -123.443 33.14
73 48.8222 -124.042 38.54
74 48.1192 -123.7 29.09
75 48.2228 -123.423 33.57
76 48.3385 -123.919 30.93
77 48.4563 -123.801 33.76
78 48.7125 -123.879 39.75
80 48.5303 -123.955 33.38
81 48.4613 -123.791 33.96
82 48.4678 -123.902 30.81
83 48.4188 -123.663 34
84 48.5295 -123.931 32.96
90 48.4983 -123.698 36.26
94 48.6092 -123.703 39.65
96 48.3433 -123.799 31.72
97 48.6953 -123.758 39.12
99 48.462 -123.891 32.42
101 48.4765 -123.806 33.74
102 48.5275 -123.939 33.39
104 48.3463 -123.779 32.78
109 48.4595 -123.794 33.64
110 48.6188 -123.703 39.94
113 48.618 -124.265 35.03
114 48.546 -123.788 36.34
115 48.5443 -123.787 36.21
117 48.6987 -123.75 39.18
118 48.5807 -123.899 36.84
119 48.5337 -123.87 33.88
121 48.5253 -123.958 33.41
122 48.5217 -123.782 35.79
125 48.4912 -123.728 35.52
127 48.2442 -123.653 31.95
128 48.4778 -123.805 34.08
132 48.308 -123.89 29.89
133 48.3298 -123.793 31.39
136 49.042 -123.837 20.06
139 48.4595 -123.794 33.82
140 48.5253 -123.924 33.68
141 48.5015 -123.895 33.2
142 48.2053 -123.627 30.64
143 48.6083 -123.706 39.2
144 48.53 -123.929 33.46
145 48.3507 -123.605 31.05
146 48.5343 -123.784 36.34
147 48.5285 -123.838 34.93
148 48.3347 -123.788 31.57
149 48.5308 -123.865 34.21
152 48.4565 -123.812 33.53
154 48.2125 -123.661 31.83
155 48.459 -123.793 33.86
156 48.5193 -123.619 36.96
158 48.4467 -124.004 31.4
159 48.2232 -123.599 31
160 48.5962 -124.299 33.23
162 48.4227 -123.196 41.55
173 48.61 -123.704 39.3
176 48.3475 -123.912 31.24
181 48.5282 -123.613 37.42
186 48.6122 -123.973 37.69
188 48.2042 -123.52 30.89
189 48.38 -123.109 30.27
191 48.5822 -123.905 36.73
192 48.8217 -124.041 38.82
202 48.7385 -124.135 34.82
206 48.3498 -123.867 31.36
208 48.5458 -123.787 36.51
211 48.4622 -123.792 33.84
230 48.5447 -124.05 32.54
231 48.4777 -124.066 30.51
232 48.547 -124.16 31.45
233 48.5452 -124.162 33.09
234 48.4478 -124.001 31.52
240 48.5585 -123.381 40.98
241 48.5763 -123.516 39.25
242 48.521 -123.489 40.47
243 48.5172 -123.544 39.42
244 48.6168 -123.547 40.66
245 48.4927 -123.389 40.87
246 48.4205 -123.593 34.18
247 48.4128 -123.338 37.89
248 48.4343 -123.313 36.24
250 48.5307 -123.301 42.44
251 48.3807 -123.186 43.31
252 48.4985 -123.551 38.15
253 48.3675 -123.445 34.37
254 48.5278 -123.621 36.75
255 48.7647 -123.645 42.48
256 48.7687 -124.03 41.42
257 48.5268 -123.923 33.72
258 48.6167 -124.142 35.4
259 48.7548 -124.228 39.43
260 48.8005 -124.413 25.2
